Trained Parameters: 
[-7.41679360e-01  5.80274455e-01  1.58742644e+00  2.09626471e-01
 -6.85239924e-01 -1.24412331e+00  9.95074643e-01  4.98448728e-01
  6.08636269e-01  8.05965103e-02  2.33155916e+00  1.19997251e+00
  2.31053145e-01  1.64804725e+00  2.32804109e+00 -3.94982872e-01
 -3.36885133e-01 -1.05709305e+00 -7.13797145e-01 -5.26843873e-01
 -2.20082482e+00 -6.24650349e-02 -4.61110089e-01 -1.07297189e+00
 -1.09020532e-03 -1.13388631e-01 -5.89371755e-01 -1.16402904e+00
 -2.86884203e-01  5.69440147e-01  4.86460874e-01  1.55513629e+00
  1.68195200e-01  4.08386068e-01  9.79579155e-01 -4.59102105e-01
  1.35884807e-01 -2.14812294e+00 -1.32209445e+00  4.83781378e-01
  2.66837923e+00  3.37159101e-01  1.07865280e+00  4.15446228e-01
  5.40634815e-01]
Accuracy: 
0.7867612293144208
Trained Parameters: 
[-0.4230195   2.7286911  -0.41256235  1.31270551  1.06896986  1.36342177
  0.48718606  0.38478032 -1.10212535 -0.24763978 -1.50454953 -0.58996708
  0.07422592 -0.52233659 -1.9150038   1.15871294  1.04088764 -1.04464382
 -0.45793794 -1.18105775  0.13334141 -0.95330901  1.20895907 -0.803498
 -0.09554344 -0.52476182 -0.37137679 -1.12067932  1.42169315  0.23970688
  0.66845964 -1.31392747 -1.05619756 -1.26034402 -0.39099957  0.80557734
  0.96400353  0.11987321 -2.19743704  1.28164733 -0.06277085 -1.04891537
 -0.21078661 -0.95623313 -0.30839322]
Accuracy: 
0.8037825059101655
Trained Parameters: 
[-2.59613619  1.41300033  1.11594413 -1.42806409  1.03403809 -0.37863256
 -0.78388252 -0.1905622   1.16228587  1.56903409  0.74218128 -0.40041018
  0.77132473 -0.86479556  2.64031306 -0.47487793 -0.65572643 -0.08172253
  0.76385603  0.36567229 -1.23440432  0.56803348 -0.00771707  0.5729493
 -1.08449561  0.0050209   0.46386236 -0.96365117 -0.06550184 -0.68167238
  0.35596385  0.82172781  1.57543953 -1.2540805   0.0527251  -0.0556671
 -0.98075456  0.80121764 -0.64489299  0.60327509  1.02635399 -0.72647562
 -2.61328632 -0.11841305  1.52259215]
Accuracy: 
0.7078014184397163
Trained Parameters: 
[-0.02374606 -1.23878369  0.54328092  1.469198    1.87455341 -0.54318242
  1.62300541  1.06728984  0.54728145 -0.40105619  0.22066303  1.39624309
  0.19142403  1.52772627 -0.45755225  0.15307591 -0.10757596  2.07068177
 -1.07680232  1.60731367  1.13540302  0.22294166 -0.86273587 -0.00898693
  0.08443263 -0.21158152  1.55137964 -0.2086334  -0.03882353 -0.24342833
  0.81126953 -0.51213147 -0.38140718  0.4423636   0.34987915 -0.25317624
  1.21260955 -0.2597248   1.29116232 -0.21464944  1.1228408   0.03246272
  0.20562363  0.62369597  0.33223187]
Accuracy: 
0.750354609929078
Trained Parameters: 
[ 0.45737802 -0.71585525 -0.24968504 -0.00458091  1.11851206 -1.4807494
 -1.53887762  0.14145214  1.51271744  0.10170131  1.85559421 -1.17313571
 -0.47661126 -0.83619293  0.06358152 -0.35790154  0.36175729  0.54406782
 -0.41977381 -0.87744082  1.41766011 -2.39405896  0.95076574  0.54516829
  1.32740999 -0.49973416 -0.41567832 -0.2101855  -0.63208942 -0.24457898
  0.35644803 -1.97453242 -0.39654258 -0.37732169 -0.08026416 -0.05307921
  0.17608638 -0.55588499  0.30154348 -1.0584889  -0.54811137  1.30138893
 -0.52547078  0.20112736 -0.53486825]
Accuracy: 
0.7825059101654847
