Trained Parameters: 
[-0.99490487  0.25269137 -0.02893134  1.424011    0.24177408  1.63440173
 -2.06286968 -1.49147459 -1.58611883 -0.33072474 -0.48898682  1.00142871
  2.66585447  0.32808776 -0.8210383   0.21005412 -0.17845698  0.23965169
  1.13091652 -0.03456694 -0.24469168 -1.59986911 -1.57997243  1.3846003
  0.66329684 -0.68316953 -0.52512256  0.95884567  0.91182928  0.76999691
  0.72231272 -1.02651673  0.15270534 -0.38159797 -0.98208561  1.88601802
  0.08145266  0.02180656  2.04629101 -0.39423679  0.83687275 -1.54271285
 -1.49895061 -0.38330315  0.15248417]
Accuracy: 
0.9820330969267139
Trained Parameters: 
[-0.48950352  1.15704987 -0.5843516   0.44164994  0.74818517  0.67892187
  0.1729134   1.41961191 -0.06575369 -0.52537601 -1.15085724  0.59666404
 -0.4547564  -1.42187515 -1.53947355 -0.91029559  0.83753688 -1.16034569
 -0.4941701   1.4744796   0.11128158  0.69187736 -0.85593502  2.0063811
  0.14818623 -0.26706208 -1.70123308  0.36843957  0.9548011   0.40449107
 -0.70177083 -0.74344398  1.47680848 -0.15222829 -0.95881628  1.2120718
 -2.54189077  0.35661794  1.08314809 -0.70507016  1.67459368  1.33923783
 -1.00204831  0.43935463  0.42898419]
Accuracy: 
0.9645390070921985
Trained Parameters: 
[-0.03331671 -0.88429278  0.20672421 -0.59776673 -1.05058923  2.05749468
  0.00367301  1.8584048   0.05703255 -0.27267209 -2.01550379 -0.02943593
  1.91695741  0.6030364  -0.66010169 -0.63321506 -1.12044391 -0.04323519
 -1.81038327  0.27906319  1.36507847 -0.6716556  -1.31944107  0.71984316
 -0.19948954 -0.21279074 -0.25799465 -0.66543478  0.38052343 -0.08114786
  1.3669766  -0.72314745 -0.59859644 -1.08591856  0.36847615 -0.88858357
 -0.30293843 -0.34170997 -0.07998426 -0.57245486  0.25611556 -0.98239787
  1.86928268 -1.70343774  0.83882941]
Accuracy: 
0.966903073286052
Trained Parameters: 
[ 1.21476003  0.32720413  2.50386797 -2.36785478  0.47085287  0.30190437
  1.53390926 -1.73831232 -1.41347909 -0.15446451 -0.54777105  0.47828381
  1.18725967 -1.10907874 -1.07637663 -0.87383688  2.07183105 -1.95986228
 -0.22963619  0.27347248  0.42595209  1.5961699  -1.57884424  0.8751142
  0.48710895  1.28759831  0.15411316  0.2048523  -0.66011935  0.46748266
  0.68920218  0.8847987  -1.16707561 -1.11543439  1.04842125 -0.21536936
 -0.03235011 -0.0325178  -0.06873424  0.14971422  0.18940865 -0.72231712
  1.56696997  0.74447847  0.84856091]
Accuracy: 
0.9829787234042553
Trained Parameters: 
[-1.61579459  1.15638904  1.34176503  0.24928902 -0.29291171 -1.24189841
  0.58412879 -1.33100403  1.5281097   1.09409191 -0.84969378  0.50039082
 -1.2068149  -0.53229864 -1.19506505  0.88224907  0.32241183  0.1717325
 -0.04784129 -1.3612223   1.43169547 -0.00722232 -0.03005565  0.01556361
 -0.71727488 -0.28917777  0.50839934 -0.28534016 -1.72974082  0.8641825
  0.31071855  0.56713413  1.18432165 -1.069498    0.09699601  0.46907171
  1.57393197  0.65776113  1.56604619  0.35966867 -0.46173219  0.12127577
  0.01327909  1.13510238  0.09415085]
Accuracy: 
0.9820330969267139