Trained Parameters: 
[-1.50243733  0.56209088 -0.2953627   0.08368105  1.01632452 -1.41930415
 -0.13588006  0.61222945  0.03272598  0.06075333  1.4550805   0.07791447
 -0.41171127  1.30013168 -1.3423659   0.16319549 -0.14220807 -0.2718932
 -0.80280261  1.51719628 -1.24214307 -0.96351012  1.32142078  0.71850149
 -1.2057796   0.31007387 -0.20474784  0.50337383 -0.36073859 -0.57838843
  0.87873146  0.20338501  1.26087787  0.68360258 -0.5006169   1.48958876
  0.01835563 -0.40143419  0.26378308  0.10927692  0.70148353  1.31453995
 -0.47354594  2.22605661  1.7281187 ]
Accuracy: 
0.932387706855792
Trained Parameters: 
[ 6.13782695e-01 -1.65190919e+00 -2.29439638e+00 -1.02295165e+00
  4.63245753e-01 -5.19221032e-01  9.98736077e-01  1.43538786e+00
 -2.00085651e+00  1.09813618e+00  3.37204962e+00 -9.83911466e-01
 -3.71675087e-01  3.09219012e-03 -1.03829576e+00  9.42606650e-01
  2.87498094e-01  7.70501773e-01  2.14295014e-01 -7.92900618e-01
 -6.18730019e-01  9.57963240e-01 -9.66159055e-01 -9.77631050e-01
 -2.07188289e+00 -1.13128961e+00 -8.24907910e-01  1.16499668e+00
  9.42051331e-01  8.92092347e-01 -1.46237231e+00  3.79334007e-02
 -1.38909907e+00 -3.13685833e-01 -2.61177159e-01  8.81649627e-01
  4.26308458e-01 -7.68833708e-01  6.92016830e-01  1.69386728e-01
 -1.22212173e+00  1.17779401e+00  3.73143891e-01 -8.83530651e-01
  6.66688250e-01]
Accuracy: 
0.9650118203309692
Trained Parameters: 
[ 0.30633386  0.34093614  0.79625318 -0.17925013 -0.40370746  0.38918019
  0.55679519 -0.63952323  0.64168253  0.86168119 -0.38992389 -0.55635636
  0.55262387 -0.4340705   1.12437291 -0.16609213  0.16570971  0.76832638
 -1.10914696 -0.25535626  1.20314475 -0.48711949  0.62683948  0.4954125
 -0.36020056  0.65975844 -1.51978739 -0.13142359  1.11680484  0.21236346
 -0.64182784 -0.60821839  0.52554362 -1.15951232 -0.47518475 -1.04074897
  0.32731223  0.27287161 -0.11168042  0.34528945  0.76389371 -0.29241052
  1.06828814  0.48245394 -0.22611063]
Accuracy: 
0.984869976359338
Trained Parameters: 
[-1.28357187  1.33870649 -0.77398227  1.03881649 -0.25889901 -3.24684723
  1.76100932  0.26186844  0.29523647  0.44303234 -0.24483459  0.401913
 -1.9903164  -0.45681349  1.23589893 -0.35846084 -0.1034533   0.94366242
  0.02013229  0.28299001 -1.36272929  1.43301089  1.49754144 -1.51986434
  0.36035686 -1.19874606  0.26084914  0.13541443  0.95635747  0.41660589
  0.29954847 -0.00541513  2.02886418 -1.01935548  0.24298906  0.82002197
  0.15412125  1.73075255  1.38260685 -0.13411968 -0.5306521   0.13512831
 -1.08090196  2.28377143 -1.0462561 ]
Accuracy: 
0.9484633569739953
Trained Parameters: 
[-0.34198498  0.61021099 -2.22140281  1.34128556  1.16256123 -1.29854041
  0.59958486 -0.1953479   0.03870087 -0.60484148 -0.70447824 -0.86352833
  0.02977457 -0.38908976 -0.06908634 -1.05630512  1.75262634  1.26109267
  1.10491216 -0.22993092  1.87177608 -0.17635643  0.28766835  0.03832871
 -1.26286261  1.55936571 -0.60248964 -0.91248365 -1.00217157 -0.31422024
  0.42167858 -1.52693675 -1.74559455  1.15768716  1.32458276 -1.6379699
  1.59125679  0.8223886  -2.12268103  0.51667091 -0.80420313  1.19396793
 -0.05423378 -0.01653867  0.72066724]
Accuracy: 
0.9290780141843972
