Trained Parameters: 
[-1.47926297 -0.43262609 -1.31199252 -0.56290937 -1.75745111  1.84295323
 -2.2763351  -0.67502318  0.22031201 -0.93845002 -0.86892311  0.08305151
  0.32618717  0.16106663  0.49802825 -0.50239387 -0.17412597  0.12957139
  0.49073787 -0.19322946  0.45748417 -0.10943462  0.60936667  0.63883686
  0.17415581 -1.1202023  -0.57868108  2.45561641 -0.27537176  0.62767406
 -1.86415323 -0.59258209  0.85501752 -0.62030206 -0.22426478  0.87220812
  0.83681832 -1.23795709  1.11347712  0.64054956  0.9117089   0.3760715
  0.17282897 -0.01394504 -1.44887848]
Accuracy: 
0.9186761229314421
Trained Parameters: 
[-1.43187557  0.15054042  1.41991525  0.25966015  0.14853024 -0.30397781
 -0.14275825 -0.5942719  -0.25792243  0.53975706  0.39908614 -0.60310346
 -0.99331046 -0.794743   -0.83119776 -0.13704639 -0.13927241 -0.90002521
  0.44239123  0.95957886  0.87842177 -0.65363302 -0.2545091   0.1989685
 -1.08978213  0.48581949 -1.21515479  0.63750248 -0.82297035 -0.29326212
 -0.66977463  0.02672959  1.40069073 -0.89332195  0.33429046  0.49305617
  1.86809498 -0.8143055   0.6553418  -0.45371559  0.71855735 -0.75568712
  0.24116998 -0.42720952 -0.7752004 ]
Accuracy: 
0.8988179669030733
Trained Parameters: 
[-0.02464203 -0.32094907 -1.13937159 -1.0261212   0.49564905 -0.47176651
  0.20951333 -1.36502499  0.42933914 -0.80416167 -0.48889709  1.42771436
 -2.38092516  0.50371564  0.96013338 -0.75724998  1.46959085  0.29384247
 -1.63113559 -0.98939104 -0.44419133 -1.50326193 -1.77741126 -1.27095395
 -0.00884911 -0.93144846 -1.72572679 -1.36643638 -2.70159193  0.68436048
 -1.37700808 -0.67931067 -0.95058296  0.74920869  0.28177447 -0.77366481
  0.03213309  0.43879141  0.14116927  0.86371173  0.75465531 -0.52397693
  0.70336539 -0.80043603  0.84645602]
Accuracy: 
0.9427895981087471
Trained Parameters: 
[-0.34672349  0.25021536 -1.62020038  0.25090578 -1.94125448  0.0225952
 -0.33904925 -0.32125832 -0.73829442  0.96107402 -1.47306767 -0.02378066
 -1.4730691  -1.0247819   0.81631014 -0.88389183  0.33844459 -1.37601863
 -0.87976641 -0.29120412 -0.53896043 -0.13256536  0.84290623 -0.04181708
  1.39436821 -1.37451524  0.99094255 -1.4482672  -0.77579991  0.05973012
 -0.27798252  2.38738413 -1.32133764  0.30732731  0.54037511  1.55163931
  0.06904735  0.02945426  1.0114593  -0.77008792 -0.05282749  0.12729522
  1.27683954 -0.72272762  0.1238339 ]
Accuracy: 
0.9125295508274232
Trained Parameters: 
[-0.11878849 -0.35165926 -0.19802208 -0.79633762 -0.27382008 -0.18234798
 -0.64448612  1.10223195 -0.47912067 -2.62401595 -0.0668087  -0.19449024
  0.59563415 -1.00445643  0.76519243 -1.08629419  0.21495803  0.68809999
  1.44819039 -1.61415691 -2.20689011 -0.63147215 -1.57746685  0.01939402
  1.0687262   0.57490271 -0.04650704 -0.43836461 -0.54927409  0.86415188
 -0.39624138  0.1262728  -0.61426656  0.34980632  0.15730714  0.61724957
  1.18123462 -1.33407287 -0.25936025  1.41132838  2.68594518 -0.64234889
  0.31619166  1.01320663 -0.16944865]
Accuracy: 
0.9177304964539007
