Trained Parameters: 
[ 0.28718702  0.071907   -1.69294676 -0.49010364 -0.51716812  0.65325646
  0.63408876 -2.25884912  0.58947394 -0.97392088 -0.16298307  0.13540181
 -2.28526369 -2.11189525  0.17467919  1.24449758  0.47022929 -1.27225907
 -0.77447388 -2.08101103 -2.40936487  0.36324158 -0.57839397 -0.26300005
 -0.83387068  0.81191671  3.11402346 -0.47696929  1.02023106  0.65376899
 -1.29245131  0.02446617 -1.60647041  0.43782737 -0.80435171 -0.0277331
  0.34046775 -1.59950931  0.16112912  0.62333117  0.88734973 -0.31213002
 -0.16899353  3.17712747  0.54232306]
Accuracy: 
0.791016548463357
Trained Parameters: 
[-1.1202367  -1.02476296 -1.05733553 -0.16447133 -0.72132864 -0.34059578
 -1.29716451 -0.45855323  0.96790774 -0.6329949   1.38682548 -0.24444963
  1.86174046  1.33332779  1.58966353 -0.15295509 -0.68192233 -1.6346733
  0.75676697  0.04524643 -0.61538874 -0.0457587  -0.73077448 -0.55271035
 -1.40534487 -0.63313661 -0.6444881  -0.34114043 -0.86450663 -0.11023509
  1.78044304  0.5561398  -2.47659321  0.31136208  1.66329319 -0.89528929
  0.28160957 -1.57977579  0.50121289 -0.57424582  2.26944553  0.11897881
 -0.0365773   1.85952127 -0.83778714]
Accuracy: 
0.7867612293144208
Trained Parameters: 
[-0.15262344 -0.87931966  1.03747573  0.27041601 -0.2062151   0.78653391
 -0.68120197  0.75000089 -0.96097089 -1.19728076 -0.33204245 -1.48881905
  1.06126027 -0.16912048  1.61215717  1.23960154  0.61069228 -1.27515543
 -0.21434507  0.62173425  0.15123133 -1.38538036 -0.21975739 -0.471213
  1.02142747 -0.22624645 -0.23237554  2.20774408 -1.83733042  1.50739856
 -0.55349159 -0.22044539  0.58183102  0.55863791 -0.74267695  0.38377529
  1.22180758  0.92039592 -0.58348914 -2.30766488  0.16944617  1.95437703
  2.54537359  0.79241276  0.18570348]
Accuracy: 
0.7749408983451537
Trained Parameters: 
[ 0.92771684  0.34944477  1.16728247  1.94332238 -1.21472888  0.49816774
 -0.99130049  0.18576387 -0.89494032 -0.90019176 -0.87854066  2.01928256
 -0.26647593 -2.39513564 -0.33508512 -0.59383791 -1.38220387 -0.88710514
 -1.5073853  -0.34090362  1.33128599 -1.03575553  0.26945024  0.14609793
  1.40367868 -0.23913797  0.31586903  1.35646295  2.28503435 -1.19955681
  1.34957058 -1.08095    -0.95486627  2.5954084  -0.96953319 -0.87808163
 -1.27191275  0.28169722 -1.30188367  0.19144644  0.51804371  1.24416062
 -0.00798408  0.24706995  1.26122479]
Accuracy: 
0.723404255319149
Trained Parameters: 
[-0.16640111 -0.0694947   1.60101918  1.38253849 -1.86222323  0.31978046
  0.55809713 -0.94410347 -0.10313602 -0.1546791   1.17943772  1.14641145
  0.74186151 -1.24019943 -0.38031535 -0.33960281 -0.36610501  0.18338993
  0.31855016 -0.32381052  1.4684465  -0.86418585  1.1781084  -1.38981291
  0.62308657 -0.55815718 -1.15282364  1.01487881 -0.19906427  0.57403037
  0.28524572 -1.39036543 -0.3705118  -0.6836599  -1.69311984 -0.17459984
 -1.81818685  0.10786173 -1.26349103 -0.03584152 -0.92218966  1.33266901
  2.46644905  0.26919977  1.0827701 ]
Accuracy: 
0.798581560283688
