Trained Parameters: 
[ 0.23959417  0.66981415 -0.79021408  1.1073048  -0.16922963  0.33095099
  2.07035859  0.74920932 -1.41378947 -1.39017549 -0.19678574  1.0616606
  0.43787808 -0.12218815  0.93586108 -2.82111924 -0.02057924 -1.88452312
 -0.87076029  0.51011516 -0.08308412  1.64721389 -1.42414548 -1.66593168
  0.76673693 -2.08199842  2.19361565  2.19241779 -1.69061433  0.21354576
 -2.01297926  0.17610361  0.29877554 -0.49567318 -0.73465761  0.28332433
 -1.33421055  0.60178773 -1.51442651  0.46483095 -1.24350919  1.33215195
  0.13328414  0.68235894 -0.35160397]
Accuracy: 
0.7621749408983451
Trained Parameters: 
[-1.65784940e-01 -5.41610219e-01  1.88384127e-01  8.03243232e-01
 -1.40856157e+00  1.25417813e+00  1.80214172e+00  1.45773967e+00
 -1.46482901e+00 -1.68712912e+00 -1.63704518e+00  1.67238496e+00
 -4.39263177e-01  1.03112154e+00  4.12051030e-01  5.22145472e-01
 -1.32232151e+00  3.87655418e-01  3.81979882e-01 -1.93842447e+00
 -6.83130189e-02 -1.47309201e-03  3.25127173e-01  1.52732213e+00
  9.50709855e-01  8.83258361e-01  1.17313465e+00  1.51359282e+00
 -1.07658447e+00 -1.31250762e+00  1.05258303e+00  1.08142836e-01
 -1.44774250e-01  5.43434971e-01 -1.90552373e+00  8.39023758e-01
 -5.81775788e-02 -6.38664231e-02 -2.99504629e+00  8.00552805e-02
  3.24956086e-01  1.61017142e+00  6.12637047e-01  5.82735681e-01
 -7.42406089e-01]
Accuracy: 
0.7267139479905438
Trained Parameters: 
[ 2.30407591  2.32086088  0.1209812   1.95081685 -1.65969587 -0.80171379
 -1.46719071  1.39189568  1.5796832   1.17032194  0.70115158 -2.22667442
 -0.26573561  0.60570216 -0.42002725  0.64580827 -0.70440216  0.50648109
 -0.95612344 -1.31315476 -1.89707882  1.27699198  1.50163118  1.5033944
  0.31322616  2.30216449  0.81129314 -0.42328623  1.07247941  1.001622
 -0.47312471  0.44261781 -0.85530587  0.19494603 -1.62051406 -0.21264989
 -0.7963565  -1.61484675 -0.41310001  0.30095339 -0.02154697  1.40469295
 -1.89996737 -1.06579468  0.18570004]
Accuracy: 
0.7947990543735225
Trained Parameters: 
[-0.1085936   0.2877772  -0.15102843  1.0113181   0.39228951 -0.88565367
  0.13564756 -0.21938887  0.27623022 -2.18561777  1.5297199   0.02000523
  0.02970538 -0.12260139 -1.39103182  1.8184464  -0.94187839  2.10082176
  0.76285186  0.31998023 -1.1674505  -0.68511521  0.98151032  0.76567411
  0.33039093  0.1156465   1.86518893 -0.43979002 -0.94882023 -1.31314054
 -0.36815854  0.37384078  0.80372104 -1.38383385 -3.27274376 -0.14706219
  1.47202793  0.08332191  1.11107544 -0.35654234  0.94281174 -0.15999067
  0.6786439  -1.87572917 -1.59424099]
Accuracy: 
0.7460992907801418
Trained Parameters: 
[-0.35052778 -1.41118064  1.42908753 -0.37264983 -0.46051042  0.07657228
  1.04975739  0.45310633  1.13221121  0.49692898 -0.43273292  0.63967616
 -1.8015537   0.01915165 -0.25768889 -0.8630569  -0.15776766  0.01370532
  0.45348678 -1.28030872 -0.37653839  1.49886602  1.18577667 -0.49767161
 -0.0435379   2.0519878   0.78788892 -0.5377276  -0.30956196 -0.93865655
  1.01890905  0.07638447  1.59938601 -0.62149302 -1.3878789   1.0811659
 -0.55437441  0.20477867 -0.85837246 -1.23025315  0.33314752 -0.92706957
 -0.17531084 -0.29657915  0.89864381]
Accuracy: 
0.7536643026004728
