Trained Parameters: 
[ 0.83577363  0.50255523 -1.5288921   0.24772996  0.32098796  0.38339935
  0.62174126 -0.11215299  0.9258395   0.8075693   0.43491095  0.39574582
 -0.67888804 -0.65598496 -0.14940387  1.90084714  2.18886556 -2.54214007
  0.63710685 -1.60245508  1.83011336  2.19411808  2.68560992  0.40331814
  0.06943528  1.21305056 -1.63710396  0.11877115 -1.56985363 -1.03386888
 -0.68233625  2.28070591 -0.66987879  1.03570925  1.19467184 -1.20394695
 -0.61116838 -0.14487674  0.72224981  0.77502228 -0.45953124  0.71214893
 -1.56994497  0.42700437  0.93453281]
Accuracy: 
0.9773049645390071
Trained Parameters: 
[ 0.46104389  0.54578055  0.97896771 -0.31584184 -0.6253831   2.07759859
 -2.97220364 -0.03915324  0.04720842  1.69193519  0.06867233 -0.47518447
 -0.11583326 -1.30638568 -1.50299991 -1.70950312 -0.75193128 -1.31594157
 -0.0359723  -0.94573435 -1.13661664 -3.2333541   0.52369886 -0.11640347
  1.09615271 -0.80161376 -1.7749539   0.5669855  -1.0707757  -0.87819529
  0.3760411  -0.28086237  0.64827522 -0.48434422  1.77254689 -1.76258616
  0.11534045  0.51071715  0.07115569  1.24990717  0.83958502 -0.65224912
 -0.05905356 -2.36498806  0.07421194]
Accuracy: 
0.9612293144208038
Trained Parameters: 
[ 0.79593776 -0.60964651  0.92533893 -1.28410346  0.24818802 -1.97892484
 -0.3825066   0.25937129 -0.03122256 -1.27370926 -0.0321741   0.21848863
  0.29160486 -0.01682101 -0.49683305 -0.26509384  1.01565448  1.70188878
 -0.80483665  0.52088054 -0.43734475 -0.75329211 -1.02698409 -0.51339565
 -0.82832656  0.35123657 -1.47487068 -1.61976667  0.43907443 -1.01967464
  1.40623156 -2.12846375 -0.18734328 -0.3931408   0.61674343 -1.35651031
 -2.48540684 -1.64396127  1.14884867  0.19919821 -0.56954521 -1.51742033
  1.17971854 -0.53101743  2.34419648]
Accuracy: 
0.9494089834515367
Trained Parameters: 
[-1.41627753  0.57339539  0.01273718  0.22954252 -0.50159016 -1.30248181
 -0.2326106  -0.62790864 -0.43958933  0.78615124  1.65505393  1.21782155
  0.14430156  0.95019811  0.12018727 -0.71736997 -0.64073358 -0.1897225
  0.27136085  1.12315742  0.32297118 -0.17744896 -0.01404038 -0.22576473
 -0.35256342 -0.77511883  0.23723041  0.328332   -0.44398157  0.91994425
  0.92178778 -0.61867417 -0.72555201  0.27162654 -0.54570292  0.05764374
  0.10072668  0.50109038  0.00944292 -0.11832807  0.462222    0.04815815
  0.19011651 -1.79885398 -0.15842557]
Accuracy: 
0.9385342789598109
Trained Parameters: 
[-0.74309336 -0.10669567 -0.14771441  0.52529815  0.05750354 -1.97974447
  0.26767513 -0.17932618  0.21429779  0.81563504  0.84761844  0.48820272
 -0.37083435  0.00657694 -0.63753622  0.12199188 -0.46339835 -0.93130634
 -0.33469981 -0.91278476  0.19921603 -1.44289206  0.68624392 -1.07605073
  1.16504221 -2.07632345 -0.44302947 -0.15013595  0.18946103  0.7895442
 -0.80187777 -0.36501352 -1.9243534  -1.52614563 -0.51168093  1.67606364
  0.3070226  -0.35515505  0.07919983 -0.72753771 -1.26532581 -0.10254371
  1.55469858 -0.67521611 -1.54521243]
Accuracy: 
0.8888888888888888
