Trained Parameters: 
[ 1.94184129e+00 -8.34768782e-01  2.01586836e-01 -1.12281419e+00
 -5.35479145e-02 -1.42453672e+00  1.63405329e+00  1.63583368e+00
  7.64712518e-01 -2.10795864e-03 -2.68037226e+00 -2.92038725e-01
 -4.92927459e-01  2.16693955e+00 -4.23275919e-01  6.58853318e-01
 -2.74404723e-02  6.53021974e-01 -1.94456859e+00  1.12848416e+00
  1.30344217e+00  2.77049482e-02  2.50054307e-03  2.32969275e-02
 -1.34787596e+00 -1.52461647e+00  4.93973985e-01 -6.40934863e-02
  9.27715177e-01 -1.24732563e-01  1.37212982e+00  5.14107618e-01
  6.77341306e-02  1.37209686e+00  1.19680936e-01 -1.13649121e+00
 -1.28197389e+00  1.33662880e+00 -1.46806385e+00  4.43931251e-01
 -7.79128593e-01 -1.45834807e-01 -1.08279567e+00 -7.97773148e-01
  1.06520585e+00]
Accuracy: 
0.9843971631205674
Trained Parameters: 
[-0.30117196  0.82480085 -0.14842331 -1.7474413  -0.43386878  0.00867582
 -1.56067907  0.8629161   1.55535491 -0.00733101 -1.04815031 -0.12103117
  0.86531375  1.70545463  1.99497879  0.85703618  1.16282915 -0.03508751
 -0.29354736  0.44115283  0.47708904  0.02896153  0.01321095 -3.11270328
 -1.514918   -0.08172045 -0.26516303 -1.41275302  2.01398356 -0.8244074
 -0.13966579 -0.04171663  1.2774594   1.46045669 -1.59490983  0.26601874
  1.62321168  1.30324005  1.14399612 -0.3797823   0.38546277 -0.14816317
 -1.52803162  1.72693802  0.44807509]
Accuracy: 
0.984869976359338
Trained Parameters: 
[ 0.55503593  0.48323863  1.62957094  0.39808271 -0.5579472  -1.1250134
  1.3369316   1.67243779  0.8291738  -0.98287452 -0.24110035 -0.80941689
  0.526164   -0.49817805  1.41781977 -0.19533203 -0.6255801   0.07077813
 -0.14435848 -0.62684702  1.05607849 -0.74557069 -1.44304326  0.10795219
  0.92823146  0.46156254 -0.53592973  1.8253714  -0.50953969 -0.3520532
  0.80660295  0.57476091  0.62710759  0.09943184 -0.4364924   0.97888256
 -1.58652317  0.64224426 -0.14479395  0.17492168  2.25678692  0.39911926
 -0.20618484  0.24040031  1.81028675]
Accuracy: 
0.9725768321513002
Trained Parameters: 
[-0.97942861  0.09700107  0.62193247 -1.15514232  1.27104823  0.61258343
 -1.57035129  1.55888449  1.5281753   0.48527045 -0.78443398 -0.23061963
  0.03871192 -0.42721243 -0.25270529 -0.3286061   1.13380186  0.53997011
  1.85854312 -0.59132625  1.70695603 -1.54106552  1.34856202  1.15625
 -1.85101899  2.27928214  0.46453309 -0.28905349 -1.35422488  1.49657293
  1.50005873 -0.07092428 -1.47841518 -0.31443633 -1.65340583 -0.69134865
  1.33025981  0.05500091 -0.31870518 -0.01584697  0.27750661 -0.5397299
  1.35186063  0.42621804 -1.66998826]
Accuracy: 
0.9829787234042553
Trained Parameters: 
[-0.26184447 -0.80753585 -1.09180498 -0.11779773  1.25822086 -1.2603433
  0.90251829  1.60475317  1.57246387 -0.02196833  1.22456854 -0.1641944
  1.64668327 -1.23774059 -0.04483826  1.27677221 -0.63197342  0.63953259
 -0.61800505  1.33544225  1.14728768  1.56422859 -1.06034505  1.55387349
 -0.44794225  0.04659811 -0.0147985   0.23100486  0.09967557 -0.14368173
  0.09778708  1.7090502   0.37361887 -0.14189714 -0.13126939 -0.74418939
 -0.15436864  0.89160649  0.22380039 -0.55646365  1.77792209 -1.37706551
 -0.04024844  0.2236927   0.37991829]
Accuracy: 
0.9839243498817967
