Trained Parameters: 
[-0.81364403  2.16118966  0.35295755  0.50017586 -0.91484954  0.24492642
  0.63158831 -0.25106936 -0.38589933  1.40905415 -2.21822331  0.31443845
  0.2872113  -0.10441028 -0.79350534 -0.63874479  0.24693128  0.25154427
 -0.38777076  0.97255803 -1.07582524  1.82968132 -1.52807627  1.16282571
  0.82960286 -0.10644768 -0.94066488  1.33174586  0.96602984 -0.63240054
 -0.89539095  2.02156054  0.04656664 -1.11778574  0.18374224  2.13183461
  1.71048444  1.25416826 -1.40923842  0.16490112 -0.10441666 -0.87894391
 -0.49415003 -0.98286185  0.83387505]
Accuracy: 
0.9356973995271868
Trained Parameters: 
[-1.20789778e+00  3.32947767e-01 -1.75200396e-01 -2.27767533e+00
 -8.51692773e-01 -2.00880789e+00 -1.03993939e+00 -3.31521130e-01
  1.32430357e+00  2.22728639e+00  7.49011652e-04  4.31683540e-01
 -6.85101943e-01 -8.94956285e-01  2.61001469e+00 -1.45616946e+00
  1.12690387e+00 -1.60681350e+00 -3.00726739e-01  1.79303227e+00
  8.66954152e-01  4.92245249e-01  1.90208878e-01  1.10137941e+00
 -1.87291056e-01  1.24491198e+00  1.88922241e+00  9.98631488e-01
  1.50395411e+00  1.22653239e+00 -9.86797910e-01  8.84896382e-01
  1.40639808e+00  5.67847372e-01  1.04221503e+00  1.35908918e+00
  3.54382689e-01 -1.10052139e+00 -1.24953246e+00 -3.91136282e-01
 -7.82559711e-02  1.78934514e+00 -1.04007786e+00  2.00161928e-02
 -2.11529533e+00]
Accuracy: 
0.984869976359338
Trained Parameters: 
[-2.9206909   1.34086708  1.59338822 -1.84695627  0.26835436 -0.29052929
 -0.29638859  1.00570453  1.10569281  0.89912138  0.3441022   0.82022451
  0.77401392  0.25729246  0.40800699 -0.26664561  0.14346077  0.89088769
  0.92954655 -0.84767259 -1.15654803 -1.40932325  1.14045173 -1.53461943
  0.08078262  0.41791924 -0.52119024 -0.12277737 -1.60648615 -2.14340405
 -0.22331403 -0.2661386  -1.18730532  0.14239256 -1.76565787 -0.78969103
 -1.41855834  1.24793174 -1.54825482 -1.24061544 -1.97577007  0.76315362
  0.42003783 -0.3109834  -0.91001866]
Accuracy: 
0.9460992907801419
Trained Parameters: 
[ 0.85864997  0.61934086 -0.35498304 -1.0476814  -0.02547769  1.66767275
 -1.30531329 -1.27222869  1.43860054  0.2385257  -0.79871594 -1.51291375
 -1.23014538 -0.40350159  0.69777686 -0.32442739  2.02235638  2.01388475
  0.63571847 -1.27690562 -0.09131189 -1.50505597 -1.48038961  1.45384311
 -0.34832662  1.14279262  0.59410079 -0.93439268  1.19716103  1.52830988
 -0.09068805  0.61995328 -1.50505268 -0.60867766 -0.2099392   0.21469362
  0.60810708 -0.13728189  0.10680291  0.01035158  1.73429539 -1.78147014
  0.50755412 -1.17694546 -0.01012602]
Accuracy: 
0.9801418439716312
Trained Parameters: 
[ 1.59449158 -0.75000633 -0.26273872 -0.85296957  0.41057094  0.11712207
  0.49189836  0.08855341  0.28212808 -0.85098891 -1.68118197  0.71395993
  1.10141075  0.69356354 -0.95613807  0.42678746  1.26392427 -0.10592856
  1.08921522  1.95781619  0.14769689 -0.00762549  0.61267766  0.81704064
  0.3470797  -0.80938109  0.78350975 -0.4402117  -1.26110956  0.4913158
 -0.08434532  2.31370176  1.48114869  0.06647516 -0.65617636 -0.19179719
 -0.13296625  1.27066561  0.26187441  1.12024219 -0.05810385 -0.99426151
  0.05476871 -0.90266336  0.79678957]
Accuracy: 
0.9815602836879432
