Trained Parameters: 
[ 1.52760837e+00 -8.72652619e-01  3.43319273e-01  4.88124398e-03
  1.68858693e+00 -1.13235170e+00  2.90187208e+00 -5.91284849e-01
  3.53771055e-02 -9.78065576e-01  2.45890801e+00 -1.10864283e+00
 -3.32738714e-01 -1.27931026e+00 -7.84408032e-01 -1.47824655e+00
 -2.49542952e-01  6.11276384e-01  1.32638751e+00  2.78523348e+00
  1.20648371e+00 -1.24164503e-01  1.13412401e-01  1.52241546e-02
 -7.19618646e-01 -1.41778795e+00  1.94517372e+00  1.15449156e+00
 -1.10471440e+00  1.15153912e-01  7.77802857e-01  1.60895473e+00
  1.30308978e+00 -2.69095167e-03 -4.38085767e-01  2.18575888e+00
  7.89889690e-01 -3.31362179e-01  1.21149310e+00  7.93108811e-01
 -1.12402607e+00 -1.32651280e+00 -4.26383813e-01 -1.83440351e+00
  7.20120675e-01]
Accuracy: 
0.775886524822695
Trained Parameters: 
[ 0.70285262  1.2496007   0.16742788 -1.36943926  1.13953998 -0.51870923
 -0.00358412 -0.3370115  -0.27657688 -1.23085188 -0.59360387 -1.64152369
  0.40067521  2.31055425 -0.07239716  0.45917803 -0.34208613  0.65491123
  0.21853327 -0.13885808 -1.65139589 -1.60793037 -1.27463955  1.39754047
 -1.02774204 -2.4859233   0.12579376  2.20648103  0.64634681 -0.18099901
  0.55979758 -0.41074762 -0.971672    0.36673033 -1.70319572  0.33956828
 -2.74572228 -0.26684275  0.60046559  0.04942073  0.31194492 -0.07920052
  0.2386075  -0.74401705  0.82516212]
Accuracy: 
0.7621749408983451
Trained Parameters: 
[-0.01859512  1.31628887 -2.2836778   1.21397899  0.5258666  -0.31391112
 -0.26231135 -0.00600015  0.09464674  0.79767096  0.31931604 -1.95054416
 -1.9099267  -0.11392502 -0.27947324 -0.67580653  0.04956627 -0.24026082
  1.18903694 -0.84438183 -1.08711452  0.01701733  0.37735002 -0.03276488
  0.53082908 -0.92550604 -0.36522094 -1.38947217  0.32145408 -0.67355462
  0.81388677  0.303295   -1.32118009  0.63530182 -0.53997004  0.57956897
  2.07322425 -0.9447619   1.2103616  -0.40611615  0.50552767 -0.56631351
  0.61315242 -0.11328592 -0.28703466]
Accuracy: 
0.7602836879432624
Trained Parameters: 
[-0.57141387 -0.41041579  0.17948371  0.95878678  2.10099098  0.29493418
  1.2852068   0.89911092 -1.10616837  0.90732574  0.17649049  0.05889476
  0.66234957 -1.111485   -0.13395746  0.4076768  -1.24669089  2.17311823
  0.34738091  0.54896456 -0.1056319  -0.51059157 -0.357441   -0.31708015
 -0.74507328  0.05095183 -0.1783068  -0.16540013 -0.99262712 -2.1747924
 -1.01490893 -0.67614567 -0.73837244 -0.93520268  0.94571296 -1.44132705
  1.19119433 -0.96300308  0.22425294 -0.92041808 -0.3438505   0.25462182
  1.26729982  0.14985117 -0.33735722]
Accuracy: 
0.7021276595744681
Trained Parameters: 
[ 1.13872964 -0.03814745  1.5483282  -0.03157166 -0.53614131 -0.61531695
 -2.29482914  1.69764499 -0.53007543 -0.37675239  1.27694746  1.16284852
 -1.4529512   0.51892962  0.0186648  -1.68231513  0.03999843 -0.12360193
  0.42180293  0.23395803 -0.779819   -0.03907318 -0.18881765  0.08611417
  1.35354313 -0.51809006  0.21248338  0.10995296  2.19465831 -0.43649254
  0.00766751  1.54508276  2.96715709 -0.89223888  1.04793798 -0.3753391
 -1.26632145  2.25743282 -1.57007348  0.17764654  1.15830414  0.73172337
 -0.15300481 -1.22389583  1.09352776]
Accuracy: 
0.8033096926713948
