Trained Parameters: 
[ 6.32454561e-01  4.46746352e-01  6.38058229e-01 -2.08886817e-01
 -4.71265127e-01  4.06355930e-02  3.42867171e-02 -1.72031512e-03
 -1.41605452e-01 -7.87362963e-01 -5.94935139e-01 -2.40159861e-01
  1.40898097e+00 -4.52695151e-01 -4.33489669e-01  2.24901605e-01
  4.78633025e-01 -6.89998118e-01  1.86791776e+00 -4.67262844e-01
  1.29125440e+00 -1.36125955e-01  2.30402060e-02  5.33758853e-03
 -3.38895945e-01 -7.28203726e-01  8.55451202e-01 -1.97694594e+00
  1.29511296e-01  2.88498393e-01 -9.73421577e-01 -9.64960229e-01
 -1.07900876e-02 -1.06711992e-01 -7.03983793e-01  2.83641821e-01
  2.74502874e-01  1.28562332e+00  1.43798125e+00 -2.50192790e-01
  3.23253135e+00 -4.54226741e-01  1.04087195e+00 -1.98862982e+00
 -1.08704667e+00]
Accuracy: 
0.9825059101654846
Trained Parameters: 
[ 1.05212548 -1.79841833 -0.23114319  1.80159132  1.00381893  0.46827658
  0.53296728  0.91301702 -0.6242721   1.53441615  0.0919072  -0.70967163
  0.37605155 -0.22029013  0.99651602  0.41424235 -1.18149418  0.27691869
 -1.11386832 -1.70668269  0.11306042 -1.00053837  0.1082325   0.93994839
 -0.68121295  1.15998441 -0.17983316 -0.07213973 -0.11500932  1.03253356
  0.61498618  0.9182399  -0.80022741 -1.94563364  0.18973936  0.03132873
 -0.54960692  1.55717425 -0.5368344  -0.51432945 -2.44768804 -0.08733888
 -0.04738148 -1.16260579  0.60599476]
Accuracy: 
0.9891252955082742
Trained Parameters: 
[-1.70370527  0.60950736 -0.16179742 -0.46498638 -0.47911687 -0.21616736
 -1.98819608 -1.33349582 -1.60615907 -0.49723107  1.29223331 -0.66464706
  0.01875768 -0.56733031 -0.04561564  0.28906105 -0.03142611  0.05538273
 -0.31591981  0.29531512  0.42705726 -0.61960245 -0.73727348 -0.54262898
  0.17281177  0.11651257 -2.19489668  0.08167322  0.11774861 -0.02971327
 -1.81656352 -0.75680331 -0.20515676  0.11384998 -1.62009149 -0.78444333
  0.47731766 -0.43584134 -1.58851113  0.42326832 -0.95071255 -0.82603037
  1.33300072  1.10445272 -0.4142369 ]
Accuracy: 
0.9791962174940898
Trained Parameters: 
[ 0.69029666 -0.14873387 -0.25077459 -0.31981523  0.60817387 -0.70914076
  0.03694039  1.8366021  -1.99774719  0.33316157 -0.12547189  0.5023152
  0.23648507 -1.89412455 -1.04936623 -0.70552284 -1.57424826 -0.20303062
 -0.61240176  0.62975653  0.91305577  1.62661169  0.04955011  0.5454566
  0.71219117 -1.63436641 -1.19806556 -0.41327976  0.17920921 -0.56675123
  1.48172258  0.63298868 -0.17380727  0.78215209 -0.49231914  2.0186265
  0.68888704  1.2920439   0.52016051  0.02627237 -0.40355127  0.47270841
  1.44466362  0.1191942  -1.87039922]
Accuracy: 
0.9858156028368794
Trained Parameters: 
[ 0.65857515  0.80956881  1.19211008  0.22976837  0.10138586 -1.15385785
 -0.24589822  0.56822728 -0.55316298 -0.48956367  0.01468495 -0.8122145
 -0.91297736  0.29331579 -0.0556852  -0.85858885  1.55523386  0.03665659
 -1.15805719  0.53980986  1.02726964  2.03507145  0.29517921 -1.99307202
 -0.80534271  0.05494879  0.20143362  0.73441186 -0.85872407  1.70235668
  0.99449271 -0.53813424  0.39633969  1.38327231 -1.17853522  0.80494534
  2.59339655  0.34459163 -0.99218702  0.57480165  0.92216572  1.10541355
 -0.06911802  0.27102701  0.96112023]
Accuracy: 
0.9900709219858156
