Trained Parameters: 
[-1.02316842 -0.2252553   0.59477712  2.68278663 -0.70033486 -0.433127
 -0.1150945  -1.32127914 -0.39273828  0.43679416  0.45431032  0.50616815
  0.37913503  1.90179784  1.02951218  0.99895622  1.0522243  -0.45738327
  1.42411816  0.2403171   1.47595586 -0.22717008 -0.04009759  0.06017799
  0.67013799 -1.17487193 -0.03373896  0.60392932  0.63341687 -0.9774453
  0.95611847 -1.65831133  0.73430765 -0.35106295 -0.41724279 -0.54182928
 -0.02335498  0.01593682  0.08412517 -1.64401216 -0.98329905 -0.34399556
 -0.82832099  0.64949693 -0.25117603]
Accuracy: 
0.9016548463356974
Trained Parameters: 
[-1.15105208 -1.72056526 -0.16854764  0.49859384  0.17110982  0.42907582
 -1.59666634  1.58819273 -1.65140069  1.17851365 -1.23510851 -0.25639309
  1.0224125   1.87550315  0.0411888  -1.47524448 -0.75276778  0.85084668
  1.42955176 -0.05674622 -0.47714506  0.14120972  0.50848007  0.94585437
  0.04474861  0.37162355  1.17117985 -1.76648142 -0.42215396  0.60529761
 -1.77570518 -0.74396484  0.95502899 -2.47569697  1.09271238 -0.07433911
 -1.7936456   0.10768539 -2.61075411  0.27940238  0.477844   -1.9497948
 -0.23011507 -1.52460395  1.83995732]
Accuracy: 
0.9281323877068558
Trained Parameters: 
[ 2.30265398  1.01025677 -0.20912845  0.07359004  0.66288363 -0.66420188
  0.04907661 -0.06904069  0.06485882 -1.32651071  0.16296034  0.84968262
 -2.16834179  0.57965575  0.20405754  0.48593643 -1.21046546 -0.55263501
  0.396742   -0.64386147 -0.08056368  1.93988164  0.80883974 -0.4747742
  0.2592817  -0.46957026 -0.12452542  0.29781097 -1.65084622  0.10306757
  1.36199832 -1.93521237  0.66694722 -0.54105728 -0.46376627 -0.44365085
  0.23851217  0.50270416  0.37927377 -1.77636792  1.52608386  0.24498593
  0.83081331  1.18858063  1.73712001]
Accuracy: 
0.8033096926713948
Trained Parameters: 
[-0.00414592 -0.56645201  1.3414154  -0.85465612  1.5043044   0.03430461
 -0.9385066   0.44351491 -0.8697068  -0.84136757 -0.53806336  0.8232794
  0.52792452 -1.38029141  1.38938654  0.63634017 -1.05400254  0.18655427
 -0.02377469 -0.93843376 -2.58011316  0.55816853 -0.5406501  -1.02554076
 -0.8057555   0.76887539 -0.10914169 -0.29530887  1.329854    0.0273595
 -0.95996921 -1.6243716   0.12777752  2.65745042 -0.08758452  1.36340855
  0.5009096  -0.82756408  0.87924502 -0.10356463 -0.75085695  0.37678422
 -1.67227214  2.34863316 -1.06250903]
Accuracy: 
0.9177304964539007
Trained Parameters: 
[ 0.51392496  0.49876374  0.85591082  1.52289715  0.33177761 -0.42838339
  1.14016986  0.11341991 -0.73035125 -0.0655502  -0.33609196 -0.31429463
  0.68681586 -1.65896163 -0.12666196  2.15128005  0.22825417  1.81480974
  1.25875806  0.10366779  0.08095418  1.24212068 -1.13061704  0.78345289
  0.15631794  0.5388917   0.31820074 -0.72697856 -0.77217564  0.67085313
 -0.82780461  1.99877261  0.10690321  0.71231708 -2.30250126 -0.54330036
  0.01725289  0.69673269  1.36496207  0.05682304 -0.21070054  0.45689568
 -1.14638625  0.83883211  0.83386497]
Accuracy: 
0.891725768321513
