Trained Parameters: 
[-0.3152921   0.8069197  -1.32338237 -0.34204647 -1.06399437  0.72843079
 -3.08595266 -3.05422549  0.03408638 -0.1433795  -1.10994986  0.7916064
 -1.18914819  0.51298475  0.52429056 -1.64992201 -1.38662689 -0.66003454
  0.28044491  1.09635521  0.48338571 -1.19833613 -0.57279942  1.51985628
 -0.53604842  2.68172554 -1.01460005 -0.30918586 -1.20117575 -0.18073354
 -0.79789819 -3.05429247 -1.26524938  0.14351448 -0.01080494  0.77891546
  1.57528741 -0.68225792 -1.44456649 -0.28635793  0.23263187 -0.32702851
 -0.0155479  -0.51487827  0.44731048]
Accuracy: 
0.9328605200945627
Trained Parameters: 
[-0.58367418 -0.75360592  0.08985925  1.67811992 -1.64949552  0.81874476
 -0.51211951 -0.27835619  0.23868429  0.07497132 -0.09840231  0.36668457
  0.46126306 -1.50491819  0.58659822 -0.29757442  0.77023442  0.06735813
 -0.33377641  0.20730608 -0.92610378 -0.56362647 -0.26386409 -0.20922694
 -0.43535849 -3.07939817  1.08240702 -0.14104633  1.11914138  1.61922236
  1.04815199 -0.17661131  0.85892311 -0.20780129 -0.06737454  2.06861703
 -1.07454175 -0.24249229 -1.68531145 -0.46312001 -0.93329397 -0.10781614
  0.2521685   0.40149174  0.27318232]
Accuracy: 
0.9366430260047282
Trained Parameters: 
[-0.03440789 -0.8676452  -0.21863677 -0.39726592  0.68341955 -0.90401936
  0.04295971  0.0653011  -0.03676902  0.80234804  0.33087476 -0.10398207
 -1.06432913  0.67312491 -0.24216831 -0.19895483 -0.06605481  0.56328496
  1.48485445  0.34312978  0.12166998 -0.94727389  0.29687862 -0.95593927
  0.54634984  0.22676336  1.03603867 -0.86204255  1.38254995  0.29294291
  1.12309998 -0.55501525 -0.30064922 -0.97589627 -0.85513474 -0.38549393
 -1.28526934 -1.82774531 -0.57857336 -0.94531164  1.6293979  -0.36866096
 -1.92789173 -0.35039717 -0.86712552]
Accuracy: 
0.9791962174940898
Trained Parameters: 
[ 0.26265596  0.16577989 -0.68121694 -2.38191764 -0.3166582  -0.03793183
  0.53571182  0.17897988  0.17893385  0.18563149 -0.58508696  0.22791402
  0.78171561  0.51624691 -0.36150918 -0.99631337 -2.37769792 -0.83071886
  0.48822736 -0.28862714 -0.46303273  1.3732736  -1.29306671 -1.49654199
  0.78831082  0.92705857 -0.01881828  0.87912099  0.03011488 -1.73304299
 -0.36759521  0.76916333 -0.43795548  0.65350175  0.23693324 -0.59245944
 -2.47381833  0.74084685 -0.03301042  0.66579885  0.37656996  0.54256397
 -1.32698262 -0.22667431 -1.82647223]
Accuracy: 
0.9569739952718677
Trained Parameters: 
[-5.16875777e-01  1.54088448e+00 -5.71145977e-01 -2.49400013e+00
  7.09937829e-01 -2.27223556e-01 -4.42854589e-01 -2.32030520e-01
  4.47134409e-01  2.16168544e-02  8.35271039e-02 -8.29815304e-01
  9.43609541e-01 -5.48195421e-01  2.19889532e-02 -1.92627036e+00
  2.67673815e-01 -2.57661085e-01 -5.37497525e-01  1.22687811e+00
  2.51982070e-01  6.79516673e-01  8.59960246e-01  6.37954182e-01
  7.75997792e-01  4.45878726e-01  1.41177751e+00 -3.67339025e-01
  1.11772275e-01 -1.78047681e-01  1.69390280e+00  9.84869112e-02
  5.31472546e-02  7.57341646e-01 -1.63754609e-03 -1.10687126e+00
  2.99438073e-01 -2.96783079e-01  4.79248499e-01 -4.73439612e-01
  2.13687918e-01 -6.25282660e-01 -1.13985350e+00  6.35519060e-01
  6.47249498e-01]
Accuracy: 
0.9375886524822695
