Trained Parameters: 
[ 2.43506253 -0.32153071  0.24001771 -0.62703399  0.55088345 -0.37806734
  1.74372333 -1.39636669  0.79642653 -0.55758798 -0.06579364  0.57601656
  0.08483931  0.76007879  0.75109102  1.95432978  1.5096471   0.68239583
  0.77598068 -0.3083552  -2.16847662 -1.36255142  1.38211863 -1.05347683
  1.61867188 -0.02385095  0.54195524 -1.16575163 -0.36184643  0.3630878
  0.79845451  0.14811051  1.52632121 -1.45916813  0.76690828 -0.48303311
  0.03754954  1.35822353 -3.13183593  0.38675334 -2.17426573 -0.6197286
  0.01622362  0.68512242 -1.63492764]
Accuracy: 
0.9843971631205674
Trained Parameters: 
[ 0.89751348  0.48983818  1.35370101  0.35171619  1.11709692 -0.33817953
 -0.56359704  0.67246715 -0.59508409  0.33465348 -0.34951516 -1.46235234
 -1.11505835 -0.15373606  1.53562009  1.41735394  2.13625505  1.45008535
 -1.6008868   0.20171387  2.09767933  0.35132714  0.7444245   0.60169771
 -0.11057302  0.7481037  -0.14426556  0.19664945 -0.53136409  0.55534644
  0.52226991 -1.06379131  0.04336047 -0.42435747 -1.0672601  -0.2036409
 -0.04717611  0.25240903  0.11236174  1.18062404  1.18614562 -0.92224829
  0.57093196  0.37386171 -1.96354406]
Accuracy: 
0.9697399527186761
Trained Parameters: 
[ 0.81062     0.47245263 -1.65918849 -0.91153879 -1.27599041 -1.38291138
 -0.7818055  -1.36075077  1.02201751 -2.73842743 -0.39985854  0.01739381
 -1.01396752 -0.48871901 -1.33753469  0.93794532  0.26931863 -1.37952126
 -0.95723339  1.12737792  1.79472127 -0.46089634  2.91176332 -0.10687245
  0.08283387  0.79550403 -0.95688898 -1.1445021   0.76807264  0.03957805
 -1.12191545  0.31353749 -0.93864416  1.18273003 -0.21838125  0.63822894
  1.39311832 -1.13419748  1.56222084  1.15560315 -0.21872647 -1.38633309
 -0.01247276 -0.56343931  0.39620537]
Accuracy: 
0.9735224586288416
Trained Parameters: 
[-0.15202096 -1.14202818  1.20604123  1.62705225 -1.72379772  0.21038897
 -0.66140167  1.0838298   0.08432103  1.04891844 -1.20294614  1.57608833
  0.3945711   2.30601514 -1.95439972  0.12541161  0.12125414  0.14490284
  0.23993501  0.53959465  0.92013129  0.40563662  0.95936228  0.43876311
 -1.44228546  0.79725454  0.69682272  0.93043335  0.91189249  0.22727351
 -0.43549424 -0.54682928 -0.14216799 -2.35559099 -0.2771923  -0.4416286
 -1.11998286 -1.14572179  1.01934478 -0.8504246   0.85039657 -1.91633294
 -1.76442208  0.61309309 -0.78982066]
Accuracy: 
0.9768321513002364
Trained Parameters: 
[-0.52427544 -0.27386107  1.18353434  0.41083215  0.06135766  0.74931516
 -1.53931857  1.0186644   1.58727627  0.49920933 -0.15939381 -0.11290555
  0.28656491 -1.04198786  0.1939726   1.04510943  0.90329661  1.01712973
 -0.82125438  1.17023052 -0.26658789 -0.84693274 -1.41410104  1.58155728
  1.03915972  2.37231342  1.18813577  1.43667819 -0.4473096  -0.45788312
 -0.29919651 -0.73289554 -1.06740619 -0.39907991  0.62881092 -1.68329572
  2.5059562   0.05293596  0.14276915 -0.00324791  0.13094688 -1.16748044
 -1.37768232  0.84375208 -1.22521977]
Accuracy: 
0.983451536643026
