Trained Parameters: 
[ 0.48945106 -0.5858899  -1.20203862  0.56072963 -0.27662717 -0.30860099
 -0.69252568 -0.56206616  0.25071686 -1.1028446  -2.50805266 -1.25972218
  1.20463788  1.55895463  0.32267443  1.36463728 -0.20533952  1.35819663
  0.44111869  0.92910908  0.77890453  0.26801947 -1.60429601  0.04088181
 -0.17132771  0.89019785 -0.21282379  0.0741389   2.09082371  1.31120382
 -0.2224221   0.73489105  1.68320119  0.81586784  1.18091562 -0.44695226
 -1.20337565  0.45146688  0.79182651 -0.66630107  1.92722271  2.13610202
 -0.82742805  1.57877035  0.16683702]
Accuracy: 
0.9621749408983451
Trained Parameters: 
[-1.74042181  0.69506545  1.83685555 -0.8276748  -1.13964231 -0.45924123
  1.9449807  -1.06651912 -1.20765873 -1.14371511  2.07707629 -0.954091
  0.35652963 -0.43082732  1.45604684 -1.06341433 -0.19444908 -0.67864499
  0.59114404  0.92320371 -0.81091546  0.06390908  1.29600844  0.0885249
  0.05140305  0.00604045  0.80193855 -0.13053109 -0.35161065 -2.06812313
  0.03882993  0.83560641  1.3050722  -0.83038972  0.16661751 -1.19381379
 -0.07401393  1.30577746  0.42715946 -0.70943928  0.2771378   0.22257256
  0.85635029  1.20396104 -0.80279537]
Accuracy: 
0.9862884160756501
Trained Parameters: 
[ 0.01248585  0.05933516  0.30558712  0.58517612 -0.46927211 -0.67796242
 -1.48725445  1.03639326  1.5133402  -0.22599827 -0.03925705 -0.10113761
 -0.96105406 -1.72620741 -0.01002589 -1.84275203 -0.83132233  1.07073333
  0.29776371  0.52815828  0.64403828 -0.06880539 -0.68471166  0.11671428
 -0.96814798 -0.9492743   1.10369382  1.23237235  1.087145    0.37218604
  0.34310224  1.02713907 -0.25104784 -0.5800857   0.3363348   0.04191311
  1.74131053  0.92290353  0.73810923  0.31287306 -0.59707937 -0.59986588
  1.3969022   0.25429345  0.81073755]
Accuracy: 
0.8884160756501182
Trained Parameters: 
[ 0.24767032 -0.63782874 -0.83731172  0.8393487  -0.69446228 -1.16587187
 -0.15517924 -0.09163132 -1.62440623 -0.3213361   0.05200228 -1.34514754
 -1.24623891 -1.7644902  -0.56518724  2.16093677 -0.01043005  0.88629735
  1.52361195 -0.73872541  1.57466634  1.04804551 -0.55598417  0.0302587
 -0.21317369  0.74888085  0.08024342 -0.87568924 -1.29250415  0.20118931
  0.84138393  1.95252324  0.7715681   0.49851847 -0.15777409  0.21943344
 -1.89536649 -0.02106868 -1.41395238 -0.12016837  1.58831844  0.2151231
  2.98001362  0.23924826 -0.52342108]
Accuracy: 
0.9702127659574468
Trained Parameters: 
[-1.06275555 -0.24469752 -0.8542188   1.55965448  0.10932461  0.73143388
  0.37237242  1.15152194 -1.41000303 -1.39555179  0.38599362  0.31674323
 -2.29092664  0.57265228 -0.64948728  0.98786651  0.59277198  2.11368817
 -0.34589718 -0.10134451  0.25340884 -0.15890454  0.51453097 -1.05625622
  0.04403358 -0.8803403  -0.79800692  0.76845059 -0.3243172  -0.39599218
 -2.19301552  0.919266    0.47434216  0.46846201 -1.95419786 -0.63424765
  1.17218726  0.81739344 -0.12978578  2.08964862 -0.68490906 -0.1581663
  0.87600777 -1.54094511 -0.78406902]
Accuracy: 
0.9527186761229315
