Trained Parameters: 
[ 0.61383802 -1.49381257 -0.45276075  1.49075105  0.20957267  0.09417342
 -0.63464986  2.08653114  0.49412475 -1.20606519 -1.20835886 -0.42286752
 -0.4538123  -0.0861189  -0.59894859 -0.09438405 -0.38194753  1.01066552
 -2.3687295  -0.2902042  -0.40877211  0.55726168 -0.4095601   0.31742881
  0.03088535 -0.76839322  1.60842211  0.03027236  0.77574399 -2.13003609
  0.52951617  1.4277553  -0.76387548 -0.1020882  -0.25896327 -0.44505719
 -0.95301421  2.55459287  0.46534407  1.72101689 -0.37675153 -0.03195036
  1.37745896 -0.00779847 -1.12893674]
Accuracy: 
0.8832151300236407
Trained Parameters: 
[-0.09974344 -0.04858257 -2.11366087  0.9633346  -1.31001575 -1.32530378
 -1.63393252  0.85814104  0.0227693  -1.39959529 -1.47449552  1.65983239
 -2.68920923 -0.71136067 -1.56207721 -0.22789534 -0.68327851  1.863519
  0.92276086 -0.11047573  1.05878701  1.00995362  0.75910517  0.90261803
  0.61661393  0.21987735  0.89856295 -0.24568454  0.32730805  1.31330227
 -1.36240479  0.15489302  0.00599922 -1.46822796  0.14872361 -0.06389714
  0.73975867 -1.51056494  0.46117898 -0.75972315 -0.90784103  1.5182445
  0.16681846  0.18718558 -0.41390393]
Accuracy: 
0.8581560283687943
Trained Parameters: 
[ 0.76336756  1.32116582 -0.47013023 -0.24060479 -1.40327098  1.72788041
 -0.01480778 -0.74527732 -0.69516815  0.09723525 -1.85210761 -1.33355078
 -0.25971198 -0.10729879 -1.36778146 -0.94816666 -2.52937201 -0.35706556
  2.56236976 -0.6982612  -0.05873882 -0.39942239  0.85394169 -0.5184675
 -0.86067514 -1.24676317 -0.1321103   0.02434907 -0.55473056  0.54598169
  0.864264   -1.83979977 -0.12656286  0.86555695  1.78553127 -0.74475597
 -0.75258346  0.03961311 -2.23444025  0.70312671 -0.04149297 -0.21937587
 -2.29774066 -1.15410324  1.77178882]
Accuracy: 
0.941371158392435
Trained Parameters: 
[ 0.74258015 -2.21860055  1.31111596  0.6095543  -0.64060023 -0.38402408
 -0.95021443 -1.6913193  -0.82552133  0.38060825 -0.39826887 -0.273564
 -0.75759269 -0.38752911 -1.69553095 -0.43965186 -0.54104427  0.62868089
 -0.85021354  0.2219938   0.49935995 -0.18987176 -2.92172403 -0.86806515
 -0.47104124  0.57417729  0.06150445 -1.17099565  0.79185967 -0.80381545
 -0.532419    2.59246924  0.47413616 -0.60073384  1.55043242 -0.29784065
 -0.96367286 -0.09766956  0.2538854  -0.10591637 -1.11877848  0.49916679
  1.40301592  1.22328731 -1.36303743]
Accuracy: 
0.8132387706855791
Trained Parameters: 
[ 0.67134807  0.43072054  0.89262193  1.02410709 -0.8875195   0.24887139
  0.05288862 -0.61614623 -0.41437873  0.78906445  0.50226437  0.17557923
 -1.37705716  0.11962778 -0.3493196  -0.70120845 -1.49292986 -0.91055932
  1.44476382 -0.13976343  1.76638048  0.21172594 -0.37072496 -0.15440918
 -1.19284459  0.9951853   0.52743518 -1.12409783 -0.28016687  1.40251797
  0.28461145 -0.41040804  0.06714762 -0.29203243  0.6299201   3.08998463
  0.85066976 -1.03385448  1.2315678  -0.58227846 -0.58205656  2.31600991
  0.3476501  -1.47693609  0.73869965]
Accuracy: 
0.9352245862884161
