Trained Parameters: 
[ 1.72116452 -1.65678359 -1.37581589 -0.03243679  2.24548578 -0.7199345
  0.22647994  0.36019825 -0.68257411  1.15189519  1.17307694  0.1646509
 -0.04987214 -0.46226823 -0.88072014  0.20590352 -0.31864432  1.20534716
 -1.26914186  1.41733499  1.04013741 -0.35311276 -0.3919161  -0.01593365
  1.33141683 -1.22516215 -0.63673561 -0.3016354  -1.98989382  0.81843904
 -0.565048   -0.97112342  0.58405006 -0.19713753  1.24437475 -0.43954719
  0.02330044 -0.25077938  0.06346353  0.78910881 -0.25425342 -0.08555397
 -2.43132812 -1.85003819  2.5300554 ]
Accuracy: 
0.9328605200945627
Trained Parameters: 
[ 0.56772026 -0.16328982 -0.30647197 -0.76100464 -0.93265933 -2.73073813
 -1.47542241 -0.24167333 -1.92332329  0.3782433   0.07087606  0.90065426
 -0.51602516  0.48764169  0.68168871  0.05047712 -0.88955229 -0.96544879
 -1.86206784 -1.04247987  0.84280803 -0.6365829  -0.67951569 -1.01021056
  1.04303863 -0.6477498  -0.96909233  0.53368291 -1.5775705   0.09538702
 -0.13570455 -1.26014904 -0.67989066  1.3317067   0.98956475  1.27805227
 -2.13773058 -1.37360922  0.61544638  2.03351279 -0.18135039  0.19829228
 -0.34376568 -0.36666654 -0.06624753]
Accuracy: 
0.9938534278959811
Trained Parameters: 
[ 1.19521140e+00  8.07131325e-01 -5.54189076e-02 -1.31665820e+00
  4.23473214e-01 -2.04271175e-03  4.40457552e-01 -8.62693840e-02
 -1.48197965e-01  9.06764956e-01 -1.66304711e+00 -5.74946893e-01
 -1.25796162e-01 -6.85398371e-01  4.53337170e-01 -1.96761220e+00
  5.85938084e-03  7.00046207e-01  6.11853913e-01 -1.59770953e+00
 -1.22324442e+00 -4.15651238e-01 -7.40958930e-01 -9.41852426e-02
  1.54773344e-01  5.76339387e-02  3.93113663e-01 -8.79311569e-02
  4.50515398e-01 -8.72438215e-01  1.65800766e+00 -5.76916682e-01
 -1.55059759e+00 -1.37099657e-02  2.34885299e-01  7.99228346e-01
 -6.37014743e-01  4.99143157e-01  1.10692196e+00 -1.10902337e+00
 -6.20914789e-01 -7.48377290e-01  3.82546506e+00  1.58168272e-01
 -1.95050086e-01]
Accuracy: 
0.9593380614657211
Trained Parameters: 
[ 0.39200005  2.94415942 -0.00674085 -0.23963909 -1.64435149 -0.88001923
 -1.11235878  0.03304349  1.33630137  1.95702506  0.75804255  0.14520408
  1.98915902 -0.74648135 -0.09633778 -0.1697177  -1.03088549 -0.16378831
  0.758941   -3.61739063  1.47384896  2.7533347  -0.24153618 -0.10450412
  0.2894557  -2.01093213  0.61096994  0.22913674  1.18203322 -0.10964347
  2.17048897 -0.22549512 -1.34047818  0.66271358 -0.60456011  0.67097954
 -0.03804921 -0.88105617  0.16405747 -0.30264787 -0.20318989 -0.57365821
  0.03303317  0.82298379  0.9644823 ]
Accuracy: 
0.9479905437352246
Trained Parameters: 
[-1.45470940e-01 -1.53028345e+00 -1.68090879e+00 -2.86620855e-01
  2.24851500e-02  1.54685125e+00  6.80693166e-01  8.49213618e-01
  1.41143647e-01  9.80920906e-01 -1.76347322e+00  5.61148300e-01
  6.07717146e-01  1.39351341e+00  1.69870620e+00  2.94624308e-01
  1.24468780e+00  1.54799092e+00  5.67043768e-01 -2.53799924e-02
 -2.95057284e-01  8.90237586e-02 -8.21055974e-01  5.54211531e-01
 -2.04800511e-01  6.29969827e-05  3.17465845e-01  1.21981908e+00
 -1.39357578e+00 -8.16922514e-01  1.21423008e-01  5.91950078e-01
  5.81394611e-01  7.64733177e-01  1.13308765e-01 -5.86639222e-01
  4.45089133e-01 -1.89607836e-01 -2.63154727e+00 -9.66082624e-01
  4.18929971e-01 -2.31976276e+00 -1.59360709e-01 -4.59217163e-01
 -7.46172458e-01]
Accuracy: 
0.9938534278959811
