Trained Parameters: 
[-0.43728391 -0.28663369  0.92242523  1.13025882  0.40715126  0.59077774
  1.45709578  1.55831881  1.43812077  1.44882163  0.38648036 -2.28701704
  0.73712099  1.29356148  1.51180133 -0.5197573  -0.26070673 -2.16424559
  2.91359911  0.08391362  1.18595501 -1.46316725  1.57280702  1.5816334
  0.0106743   0.32282335 -1.10115721 -1.19820565  0.41192895  0.3512103
 -1.21043575 -1.06996341  0.67652197  0.06908724 -0.01892983  0.41841001
 -0.05594209 -1.34248416  0.23419329 -0.53882116  0.14051708  0.15551314
 -0.00985843 -1.52203451 -1.29263004]
Accuracy: 
0.9843971631205674
Trained Parameters: 
[ 0.0568041   0.17514447  1.81906508  0.38753148  1.26217009 -1.40961549
 -1.5107397  -0.1110052  -2.9994436  -0.01486602 -0.04354891  0.3380481
 -0.30119845 -1.45427689  1.12600223  1.78401191 -0.38348528  1.10241442
  0.45953343 -1.13311453  1.56558029 -0.66916419 -0.88987874 -0.83232824
  0.66419831  1.82228918 -0.68485519  1.95098699 -0.33443261 -0.03550631
 -0.4401534  -0.21065959  0.84050098  1.03294299 -1.32013925  0.73464624
  0.65477337  0.00852793 -0.97935116 -2.03016673  0.8384169  -0.90655104
 -0.49731647  0.09013374  0.68194666]
Accuracy: 
0.9810874704491725
Trained Parameters: 
[-1.48387214 -1.56545666 -0.84778798  0.60959115 -0.21904773 -0.62378706
  0.24401061 -1.29828015  1.96328897 -0.89316219  0.1586583   0.08757627
  1.34084194  1.18941875 -2.39577698  0.73288155 -0.02556074 -0.71769214
 -0.2131465   0.83789315  0.37891727 -0.6445898  -0.63489479  0.65693847
 -0.19178513 -0.77699482  0.73813448  0.58558616 -1.5197134   0.18134364
 -2.3760966   2.14754819  1.17517277 -0.30013338 -0.2688109   1.41187958
  0.5723777  -1.27847246  1.24624545 -1.45995301 -2.04551334 -1.53813943
 -0.95290076 -0.45097979 -1.18522967]
Accuracy: 
0.9735224586288416
Trained Parameters: 
[-0.11251048  0.53359429 -0.30556497 -0.35471082  0.59269178 -0.4926036
 -0.12882617  1.33261728 -0.53223554  0.28647812  0.19684606 -0.84910632
  0.54563345  0.07336386 -1.43099691 -0.10333162  0.38066729  1.00191177
  1.24325233 -0.55094995  0.41641026  0.46664329 -0.1648561   1.58975063
  0.18616478  1.4912435  -1.16259964 -0.72603151  0.56827464 -0.82433064
 -0.54261907  1.0459271   0.28811969 -1.37173468 -0.67382555  0.08783424
 -1.22882742  0.49642301 -1.68496815 -1.25795268  0.90424799 -0.23688095
 -0.05308523  1.03652964  1.63615613]
Accuracy: 
0.984869976359338
Trained Parameters: 
[-0.21304041 -1.08638006  0.25655652 -0.48675435 -0.77544105  0.34578084
  1.48717007  1.35862422  1.5244126   1.69820012  0.73028925 -0.4377855
  0.14922165 -1.21360464  0.43124653  0.61023703  0.03087168 -0.10631852
 -0.62137519  0.53158195 -0.55776732  0.01964244 -0.01308756  0.06664799
 -1.96826017 -0.18795306 -0.1522733   0.87201363 -0.85081163  1.50623472
  0.13193419 -0.24762984 -0.28026051 -1.46244394 -0.16053145 -0.29743357
 -1.40760184 -1.69181856 -1.58118038 -0.33024648 -2.03892169  1.01916413
  1.37026072  1.81032044 -1.03871039]
Accuracy: 
0.9839243498817967
