Trained Parameters: 
[-0.91271594  0.28983911 -0.40552595 -0.53523912  2.53154329 -1.28467941
  0.01867878  0.06369288 -0.13448333  1.11125821 -0.83958326  0.09395826
  1.01227016 -1.12816482 -0.95277446  0.60271429  1.71771634 -0.79205235
 -0.27816276  0.88995516  1.22812537  1.50144842 -0.08815795 -0.37337523
 -0.40544986  0.65861376 -0.10869307 -0.93350866 -0.27850203  2.78938424
  1.03405434 -0.89331228  0.43192218  0.06179671 -1.68822158 -0.95951957
  1.26434016  0.31057395  0.95742741 -0.03400025 -0.05542831  0.01314627
 -1.99765333  1.57588801 -0.09401591]
Accuracy: 
0.9711583924349881
Trained Parameters: 
[ 0.59434358 -1.78267015 -0.7344047   0.93602244 -1.60191031 -0.28951021
 -0.68588169 -0.68295437 -0.01616476  0.82336089 -1.27272454 -1.26056096
 -0.27252621 -0.22855965 -0.98931549  0.45568082 -1.01596063 -1.17643957
 -1.78564149 -0.84627313 -0.12017697 -1.43977886 -0.87053877  1.38737615
 -0.81807012 -0.13670498  1.93005792  1.25603591 -0.54709272  0.96867063
 -0.96379647 -0.55927748  0.52886832  1.86625681 -0.21598221  0.8989903
 -0.57562605  1.82108822  1.87795501  0.12265229  0.26146138  0.3109248
  0.61177473  1.57584531 -0.81834225]
Accuracy: 
0.9763593380614657
Trained Parameters: 
[-0.1603251  -1.59753214 -0.16750861 -1.62115342  0.6606805  -0.58403041
 -0.84486321  0.56194537  0.45848669  0.04695995 -0.52621735  0.16441203
 -2.323795   -0.60163625  2.08503454 -0.18817639  0.33838644  1.54687737
  0.77863726 -0.65719237 -0.16925154 -0.92525633 -0.61838935 -0.57867853
 -0.04705933 -0.81182535  0.72265174 -0.56205673 -0.94002156 -0.16583233
  0.42473756  1.64961805 -0.85158228 -0.74390649 -0.21986234 -0.11159238
 -1.13390474 -1.50799491 -0.9690402  -0.41468179  0.98048526  0.16709882
 -0.30117625  0.18262793  1.36518812]
Accuracy: 
0.902127659574468
Trained Parameters: 
[-1.78897221  1.39584835 -0.01160421  1.26873759 -0.98038144  0.1665987
 -0.34687644  0.28152022 -0.4502975   0.8296372  -0.51875568 -1.83134283
 -0.66723626  0.34849014  0.00580857  1.26483706 -0.01323254 -1.17418895
 -0.38598304 -1.27288497 -0.57665467 -0.42552909  1.65025786  0.30642957
  0.14511216 -1.78329786  0.33322553 -0.09300618 -0.60951627  1.0420977
 -0.1835775  -0.9049315  -0.71201956 -0.04431866 -0.83202403  2.21983564
  0.6322122  -1.88480216 -0.52190539 -0.41747144 -0.01598269 -0.11978521
 -0.45461621 -0.26512565 -0.6927052 ]
Accuracy: 
0.9773049645390071
Trained Parameters: 
[-0.13499234  0.99827667  0.6938589  -0.46511313 -1.16536868  0.6861384
  0.42673102  0.87057453  0.04970741 -2.81585489  0.24256609  0.45310583
 -1.3443307   0.02062659 -1.73357176 -0.10990876 -0.10767298  1.62005786
  1.3780279   0.25511395 -1.13250681 -1.96914304 -0.92180802 -0.06694792
  1.13258139  0.96331377 -0.32101326  1.28457737 -1.06543033 -0.57696044
  0.68897949 -0.04717518  2.14959426  1.22108105  0.22202692  2.18769866
 -0.4130558   0.91030494 -0.9832145   0.79147229 -1.56657542 -0.34054874
 -0.25674136  0.08582515 -0.21150731]
Accuracy: 
0.9735224586288416
