Trained Parameters: 
[ 0.66546502  1.89203304  0.75586118 -2.29979318 -0.3265491  -0.95885725
 -0.57333031  0.23264136 -1.86313667 -0.2441889   0.58994352 -0.04230742
 -1.10594881  0.24435024 -0.89463939 -0.76166039  0.78759078 -0.72693252
  1.01284501 -1.45260764  0.0594543  -0.865911   -0.386067   -0.81531873
  0.92471058 -0.59420396 -0.70077293  0.5266493  -1.12378065 -0.55144204
  0.34215776 -1.46809465 -0.1529481  -0.17345607 -0.33606775 -0.37927645
 -1.43610578 -0.80694881 -0.37923455  0.91578048  0.38763593 -1.25757924
 -0.62578907  0.51421281  0.22236189]
Accuracy: 
0.7087470449172577
Trained Parameters: 
[ 0.57023811 -0.44640516  1.77250927 -0.74701739  1.33255227  0.43708924
  0.44352121  0.69105102  0.71000276 -2.23604972  0.1269407   1.74048933
  1.5065805  -0.68565294 -0.51051558  0.67497066  1.12018551 -0.32143455
  1.14671481 -0.08785761  0.09956361 -0.93904467  1.2581995  -1.43433453
  1.03236392 -1.4974763   0.36231988  0.90152221 -0.23637858  1.8684607
 -1.35175001  0.8810043  -0.77727331 -0.39722139 -1.06227255  0.27416226
  0.02770936 -0.04710186 -0.37383266  1.69789835  0.54181447  0.2886331
  1.03530511 -0.07429258 -0.14357135]
Accuracy: 
0.7924349881796691
Trained Parameters: 
[ 1.17123959 -0.21036782 -1.06200093  0.18111569 -1.21319602  0.29668621
  1.05398106 -0.48833067 -0.66404333 -1.18184995 -2.01271474 -1.14197673
 -0.26072918 -0.61017764 -1.39966921 -0.52258667  0.41032037 -0.1221414
  0.72049601 -0.77241137  0.7876796  -1.0481344  -1.4301916   1.51578526
 -0.41794308  0.3000124   0.7684813  -0.35159081  0.80733056  0.6590551
 -1.88453981  0.82477289 -0.40829048  0.72294005  0.81134985 -0.13551338
  0.30034516  0.3544957  -1.8969892   0.01445454 -0.11335348 -0.21995845
 -1.61781817 -0.66355565 -0.0370801 ]
Accuracy: 
0.7219858156028369
Trained Parameters: 
[ 0.1696003   2.2363064  -0.08732771 -0.00689073 -1.38749823  0.5877675
 -0.59960223 -0.10714841  0.05018382  0.69409519  1.20291445  0.6027954
  1.75065047 -1.80280365 -0.34263076  0.11138958  1.2260303  -0.169791
  0.84829513  0.60110098  0.38946901 -1.42175855 -0.14983718  0.31267627
  1.44490764 -0.4501307   0.08760303 -1.39805687 -1.82154558 -1.32904116
 -0.01777489 -0.18675087  1.55400387  0.19712395 -0.12353512 -1.65737019
 -1.46740325 -0.37251916 -1.38334831 -1.8332516  -0.50662297 -0.51636106
  0.10891147  1.88832567 -0.26213338]
Accuracy: 
0.7773049645390071
Trained Parameters: 
[ 0.20788301  0.24889863 -1.12386449 -0.873301   -0.35041884 -0.52596658
  0.51612379 -0.5506722   0.01856956  1.56623799  1.58595385  0.05938794
 -1.74655635  1.03170948  0.5609741  -0.46513753  1.90213347  2.15949406
  0.39583253 -0.51254548  1.26528948 -1.0821905  -1.77576624  0.49556905
 -0.0406127   0.06274872 -1.17561946  0.39213074 -1.97951107  0.85194112
 -0.76771778  0.8425121   0.41999416 -0.97123797 -2.49737362  2.65537401
  0.66162646 -0.25589554  0.22074172  0.25720629 -1.24295391 -2.56822628
 -0.92595678 -0.57558667 -1.53737679]
Accuracy: 
0.7692671394799054
