Trained Parameters: 
[-1.32381524  1.44770268  0.52264935 -0.7222134   0.76944007 -1.33407529
 -1.27091919  0.28378579  2.9746602  -0.99625943 -1.86297533 -1.01369655
  0.30307484  0.71207895  0.78948488 -0.60689718  1.30712323 -0.55893641
 -0.24949466 -0.30681147  1.49289276 -0.34830956  0.79876663 -1.55247281
 -0.53326694 -0.69405891  1.74431527 -2.57179557  1.3783552  -0.02079243
 -0.36784996  2.03347045  2.78072616  0.22537128  1.7198611   0.95063786
  0.05053455 -0.12479133 -0.26445961 -0.66916574  0.99978415  1.19128851
 -1.19110923 -0.83726929  1.71195836]
Accuracy: 
0.9617021276595744
Trained Parameters: 
[ 0.78551762 -1.49939424  1.19781981 -1.23674924  0.0360111   1.55436675
 -1.54723808  1.50929357 -0.45799541  0.70004487 -0.58714715 -0.79793223
  0.85615532  0.78814908 -1.24646552 -2.00670817  0.10587048 -0.81467295
 -0.15444764  1.42100484 -0.84302595  0.88519044 -1.46776677  1.67670855
 -1.71977297 -2.35740914 -0.18095748 -0.01936117  1.16223595 -0.23111973
 -0.33562366 -2.84846222  0.52043592 -0.90104687 -0.96002713  0.37272458
 -0.5538526  -0.01929623 -0.32555769  1.29627446 -0.35577946  0.04154016
  1.4193599   0.2732375   0.47945098]
Accuracy: 
0.9815602836879432
Trained Parameters: 
[-1.24924241 -0.33165533 -0.68702772  0.93000901  1.30788172 -0.13147891
  0.94766398 -2.02088855  0.09699807  1.29381928 -1.12991975  0.38333242
 -1.45643736 -0.16501058 -1.37015009  0.51653562 -1.1209847  -0.41330491
  0.38047692 -0.79613111 -0.30090244  1.26313146  0.71093924  0.93181957
 -1.06399694 -2.18083806  0.06165698  0.25754026 -0.96278007 -1.70320011
 -0.36773503  1.1366224  -0.90500839  0.13204411  0.35245726 -0.71641453
 -0.36037756 -0.23260525 -0.64329631 -1.13979255 -1.56074886  1.38937338
 -0.00918559  1.04510795  0.29532735]
Accuracy: 
0.9791962174940898
Trained Parameters: 
[-0.4830829   0.57391758 -0.94282489 -1.85644386 -0.1844125  -0.74913582
  1.57723055 -1.23599536  1.60755587  0.74359781 -0.0861662   1.46748925
 -0.30905661  0.13281447 -1.07403903  0.01446531  1.27364141 -1.91586616
 -0.55413381  1.67593967  0.59485677  0.13933626  0.08665667  0.0410207
  2.12590821  1.52774768 -0.95869638  2.32880388  0.04478817  0.99521813
 -0.52808625  0.9073471  -0.61377115  0.44954078 -1.76619851  0.84058345
  1.40059884  0.59288114  1.52403807 -0.73902283 -0.59759819 -0.49647458
 -0.21615732  0.43793326  1.67096791]
Accuracy: 
0.9825059101654846
Trained Parameters: 
[-1.62276693 -0.07813928 -0.660295   -0.26553554  0.51750544 -0.46211782
 -0.08023919 -0.02939158 -1.56316979 -1.15761511  1.00233317 -0.51943182
 -1.70490164  0.75438258 -1.58703037  0.94228021  0.19833326 -0.38642859
  0.23929529 -0.23124922 -0.5250336   1.56127464 -1.54556694  0.0161377
  0.10969909 -0.71469215  0.89323505 -0.7624587   1.0916866   0.19205481
  1.19484116  0.61585295 -0.91951152 -1.64978831 -0.3412256   2.22931117
 -0.1831884   0.10448982  3.13041652 -0.1445939   0.06215044  0.54219607
  2.21550465 -0.10217325  1.75705212]
Accuracy: 
0.9806146572104019
