Trained Parameters: 
[-0.41764791  0.56812062  0.32933956 -1.76232405  0.34761105 -1.2805466
 -0.57130454 -0.35239225 -0.07894719  1.02615038  0.3846212  -0.19724552
 -1.14180793 -0.47892108 -0.82337088  0.85644007 -0.21578591 -1.2967008
  0.3916116  -0.10298431  0.90127206  0.3306487   0.94848236 -0.03640356
  0.8340343   2.67475381 -0.90565843 -0.48202506  0.95473261  0.75938848
 -0.06331035 -0.59724178  0.31272173  1.61912337  1.83083558  2.12440811
  0.52298117  0.79928236 -1.15992558  1.05577967 -1.4733221  -0.48304055
  0.98270965  0.09731026 -2.39189841]
Accuracy: 
0.9304964539007092
Trained Parameters: 
[-0.57577259 -1.58997603 -1.78833291  0.76767468  0.8538729  -0.6100473
  0.13646045  1.47543106 -2.59223207 -0.56163807  2.18549995 -2.25654821
 -2.06169593 -2.70869506 -2.96364177  1.30646058  0.67399817 -0.31597345
  0.06229753 -0.47918529 -0.77019845  1.58208821  0.47767127 -1.00648012
 -0.24777738  0.23809672  0.77944295  1.90448969 -1.04108225 -0.4080135
 -1.09544488  0.40538828  0.20333277  0.2380703  -0.9544971   0.38456393
 -0.41242785 -0.0320698  -0.26145539  0.36804318  1.41073686  2.20164103
 -1.67416774  1.03582408 -0.40059146]
Accuracy: 
0.9177304964539007
Trained Parameters: 
[ 0.08229303  1.12029519  0.43490466  0.55638426  1.35221298 -0.54046579
  0.12561615 -2.58049835 -0.16092181 -0.10550066 -0.61992177  0.50861661
 -0.56171404  0.94655206 -0.18826268 -2.49226048 -0.2913107  -0.56495506
 -1.41697305  0.59124394  0.44147883  0.79971599  0.24509839  0.56447644
 -1.24171354  1.1081371  -1.44778423 -0.29351764 -2.15684201 -0.18876866
  0.17111574 -0.28540418 -1.35198207  0.1259107   0.28880307  0.78671081
 -0.6741767  -2.06891285 -0.87303648 -0.66930998  1.24433783 -0.31326334
  1.28004257 -0.31348612  2.56052046]
Accuracy: 
0.9035460992907801
Trained Parameters: 
[-1.98938326  0.30873103  0.34022052 -1.54458371 -0.49782503  0.60202554
  1.12758678  1.66166528  1.49738717 -0.40150359  0.749974   -0.44150051
  0.12722308  1.45646     0.48640367  0.63900485 -0.36540538 -0.87503788
 -0.18622538  0.3198086  -0.17437209  1.94563362 -0.78890032 -1.28199807
 -1.24886981  0.82813126 -0.6250985  -1.16962017  0.33536761  1.73237104
 -0.36606046  0.7286533   1.06853204 -0.17641543  0.83099006 -0.11697188
  0.62663398  0.29079594 -0.37869871  0.59235561  0.38544889  1.66227411
 -0.52663403 -0.79439643 -2.01140829]
Accuracy: 
0.950354609929078
Trained Parameters: 
[-0.83597098  0.38568503  0.48186381  0.49908353 -0.19486408  0.11533469
 -0.86703663 -0.20189832  0.74511677  0.97172841 -0.97066125 -0.85916809
 -2.03189475 -1.2174074   0.20825291  1.45077981  0.48586199  1.86365625
  0.83542961 -0.05531674 -0.8518246  -0.23367021 -0.48933476 -0.17074555
  0.56031854  0.23619765  0.17971189 -0.88000828 -0.25493894  0.35435528
  1.83399048 -0.04765137  0.3525992  -0.41181173 -0.90452882 -0.51898546
  0.0103383  -0.32369778 -0.05804349  0.49739085  0.73326784  0.94028611
  0.5218759   0.56761485 -0.48906393]
Accuracy: 
0.9144208037825059
