Trained Parameters: 
[-0.63987832  0.01263894  2.86937395  1.36470642 -2.88655253 -0.1438193
  1.37219079 -0.12890487 -0.94779792 -1.36471304 -0.43129908  0.91208968
 -1.29661459  1.13921687  1.91889479 -0.65872483 -0.07159809  0.9550047
  0.07075751 -1.52003239 -0.5218383  -1.95668074 -0.97632076  0.61790376
  1.16718048  0.27154041  0.67473688  0.73302025  0.01123819  0.52968573
 -0.42359323 -0.83996896 -1.53316261  0.14605005 -0.64125505 -1.30659888
 -0.68789746  0.28063    -0.34872064  0.16833434  0.68041202 -0.27069986
 -0.08093959 -0.15844888  0.17382147]
Accuracy: 
0.9588652482269504
Trained Parameters: 
[-0.78441051 -0.98930043  0.53270409  0.3340317  -0.67784962 -0.02493265
  0.11919566 -0.83428853 -0.02627533 -0.87560525 -0.69055696  1.45663991
  0.20139759 -0.64409824  1.20358916  1.52943002 -1.55775362  1.64612028
  0.03092475  0.15399891 -1.27068999 -1.08982239 -1.68255404  1.49552534
  1.62029102 -1.18259504  2.35838006 -1.29094355  0.93673944  0.74966022
 -0.79303735 -0.5618685   0.12304607 -0.8034134   0.69677204  0.30035771
  1.17331001 -1.0604078   1.52853373  0.32669388 -1.00601218  0.02302203
  0.94496876 -0.06074439 -0.50459308]
Accuracy: 
0.9186761229314421
Trained Parameters: 
[-0.97767832  0.39217994 -0.70225801  0.49726927 -1.32465808  0.73686373
 -0.66906965 -0.7928345  -0.75174736  0.77603092  0.35633278  0.4302366
 -0.06665144  0.81864041  0.80239891 -0.11248897  0.17211502  1.15592221
 -0.77168579  0.71243764  1.2027102  -0.31555506 -0.07008091 -1.25082693
 -0.08714909  0.35154163  0.31111865 -1.55817666 -0.39567846  1.13419903
  0.84053553 -0.07862069  2.64680805 -0.52399894 -1.34269758  0.20871588
  0.3657781  -0.93932779  0.32335942  0.91668344  0.99152688 -0.88167401
 -0.88829297 -0.87578836 -0.6404209 ]
Accuracy: 
0.9366430260047282
Trained Parameters: 
[-1.79396026 -0.71054619 -0.84731487 -0.75804311 -1.15082493 -0.62887641
 -0.82396885  1.04061931  0.23506203  0.90028759  0.06102536  1.60127295
  1.26501351  0.68764931 -0.48125241 -1.24904229  0.72163934  0.6801051
 -0.12098447 -2.66495401  0.17957739  1.16404802 -1.29805116 -1.39709031
 -0.41611773 -0.09138576  0.36228726  1.02612564  1.43248882 -0.08329261
 -0.76149376  0.8423082   0.37392273 -0.6066428  -0.08425844 -0.34253569
  0.08622674 -1.50586356  0.26725268  1.87584936 -1.83017001  0.96385135
  0.22478989  1.70427565  0.98667708]
Accuracy: 
0.9919621749408983
Trained Parameters: 
[ 6.90249219e-01  7.01099289e-01  1.09175872e+00  5.82740869e-01
  1.71873943e+00 -4.13885592e-02 -6.16497461e-01  9.43356594e-01
 -1.17924988e+00  1.78936920e-01 -2.02490441e+00 -1.43803081e+00
 -1.03043269e-01  1.00375909e-01  5.46367041e-01  7.02153125e-03
  3.05475922e-01  4.87970498e-01 -1.43921171e+00  2.16063799e-01
  1.48464985e-01  1.35852135e+00 -5.74293954e-01  6.46180168e-01
 -5.76129667e-01 -7.50372215e-01  1.44226990e+00 -1.74409245e+00
  3.42562831e-01  1.06011432e+00  1.52191497e-03  8.71601564e-01
  5.35526614e-01 -3.63055382e-01  7.80217085e-01 -1.51240909e+00
  2.88217911e+00  8.82713080e-02 -1.47119835e-01  1.28803498e+00
 -7.81051089e-01 -1.33032286e+00 -1.34255987e+00 -9.62556138e-02
 -1.39965318e+00]
Accuracy: 
0.9862884160756501
