Trained Parameters: 
[ 1.15437255 -0.38082514  0.68088318 -0.69162452  2.18817672 -0.31583059
 -0.30896124  1.17098751  0.30643396 -1.34890024 -1.48569517  2.47662362
  0.99064104 -1.44995002 -0.00740002  0.08141914 -0.73529128 -0.68398674
  1.95236569 -1.89811256  0.17087733 -1.46722403  1.46702417 -1.67973182
  1.69350934 -0.17539998 -2.00179838  1.39725498 -1.16853206 -1.98943671
 -1.65656193 -0.81141836  1.13210197  0.80628761 -0.07716745  0.6007822
 -0.29918481 -1.63073112 -0.27459196 -1.85225795 -0.91321959  0.86840265
 -1.23533648 -0.68463234 -0.19121445]
Accuracy: 
0.8822695035460993
Trained Parameters: 
[-0.2867519  -0.31150242  0.11804925  0.96486832 -1.0137548   0.33932921
 -1.47570887 -1.51544192 -1.5292175  -0.77860064  0.60538425 -0.765922
 -0.60426249 -0.76953509 -1.86010222  0.30579987  0.22176068  0.68550073
 -0.36786925  0.70989504 -0.47814691 -0.38760137 -0.14295397  2.00298324
 -0.49616929 -0.76575495 -2.29728693 -2.6721589   0.30284261  0.26497635
 -2.23114317  0.29144293  3.29863526 -0.76986508  0.13428217  0.10264828
 -0.87004874  1.50189547  1.38345707 -0.45502935  0.1889734   1.13546503
 -0.79058197  1.23499429  0.77223773]
Accuracy: 
0.9744680851063829
Trained Parameters: 
[-0.70645223  1.86905013 -1.11678098  0.28554068 -0.14079781  0.89233959
 -0.82550121 -2.24075819 -0.02446099  1.10713402  1.52086283  0.54621311
  1.90640388  0.75285794 -1.3953807  -1.34630784 -0.21618294  0.71886628
  1.22397639 -1.87753249  0.13561143 -0.61503837 -1.30671272 -0.76592346
  0.58916666 -0.56298061 -0.60050944 -0.5402088   0.67926093  0.38772999
 -1.52739081  0.63534216  0.61599511 -0.24062643  2.17832384  0.87823396
 -0.44958663 -0.60989343 -0.47968422  1.50143263  1.19235622 -1.54757806
 -0.77766041  0.50771679  2.01873205]
Accuracy: 
0.9536643026004729
Trained Parameters: 
[-0.2291373  -0.50155557 -1.59247677 -0.72832542 -0.30422235 -0.92627882
  1.24700552  1.30503354  1.35506516  0.91254374 -0.47094015 -0.16747956
  1.18360927  0.39397264  1.46964729  2.31989672  0.05717658  2.25179433
  0.09688805 -0.56440306 -2.45494288  0.2497196  -0.12156036  0.02920819
 -1.53594804 -0.96459753 -0.67435082 -0.03494677  0.83937394  0.01313781
  1.43142093 -0.76143848  3.1540757   0.70153119 -1.68711398  1.03661456
 -1.79380001  0.8820852   1.02787789  0.46188359  0.38461647 -1.10740491
 -0.83020921  0.36097902  0.30118864]
Accuracy: 
0.9891252955082742
Trained Parameters: 
[-0.95834319  0.59714239  0.93891202 -0.32763    -0.98970392  0.10933561
 -0.85647601  0.94912535 -0.98244023 -1.3156042   0.75486799  0.32632781
  0.1695097  -1.88844521  0.99153302 -2.27194582  0.9761672  -0.47050557
  1.19792664 -0.42707121  2.11306038  2.40916812  0.19426756  2.29373751
 -1.72388607 -1.06089006 -0.20806782 -0.78939547 -0.09115892  1.19920051
  0.91773011  0.31952053 -0.11187208 -1.25444971  0.0554931  -1.02379038
 -0.44844533  0.20327577  0.3195251  -0.78491574  1.50998894  0.90261009
  0.08680235 -1.69675907  0.08263973]
Accuracy: 
0.9593380614657211
