Trained Parameters: 
[-0.89064013 -0.35061341  0.80095694  0.03909031 -0.01996213 -0.20399648
 -1.51154405  1.14238721  1.45377774  1.06258963  0.46465276 -0.3261253
  0.655526   -0.44888483  0.26260435  0.42549953  0.24840242  0.23988055
  1.2385426   0.4772267  -0.56614896 -1.55062246  1.48758919 -1.58374129
  0.81966551  0.32687515  0.00394408 -0.35965238  0.53354437  0.51687491
  1.22333052 -0.11723682  0.32159036  1.20450335  0.41338932  1.02033525
 -0.0269452   0.54790078 -0.01253526  0.06945217 -1.17967364  0.87685234
  0.11942265  1.05949527  1.4424919 ]
Accuracy: 
0.9843971631205674
Trained Parameters: 
[-1.04881491 -1.32402274 -0.97843237  0.5017957   0.15556842 -0.26090879
 -1.14520373 -0.30548582  0.01191376 -1.42847899  0.84964202  0.49016512
 -1.11007912  1.71349852 -1.25056946 -1.86802042  0.39439107  0.14991034
 -0.78776048  0.98989167  1.4873705   0.44728256 -0.56997653 -0.70930311
 -0.02568699 -0.2051625   1.5917365   0.35014013  0.35698638  0.63856012
 -0.96245391 -0.81392002 -0.08213243 -1.91794783  1.78418087 -0.54617982
  1.38562895  0.39950886 -1.7541163   0.73752617  1.88892132  1.20857646
 -0.27124955 -1.4700473   0.61848514]
Accuracy: 
0.9650118203309692
Trained Parameters: 
[-1.6081403  -0.41316494 -1.10551191  0.73925702 -1.53139     1.33190748
  0.54374225  0.05862606 -1.44758509 -0.82764831 -0.71180884  0.30927584
 -0.06893493 -0.83410008 -1.594077   -0.92977395 -1.82491389  0.95792764
 -0.77913573 -0.98058795  0.68896016  0.33336533  0.78113007 -1.21713067
 -0.08474285 -0.301009    2.00304869  1.3909583   1.46746617  1.52654227
  0.52568192  0.26366542  0.20731786 -0.35601958 -0.50653388  1.63063101
 -2.62857701  0.85439416 -0.4760785  -1.00694226 -0.43246521 -1.66917773
 -0.18595399  1.48358947  1.66435699]
Accuracy: 
0.9763593380614657
Trained Parameters: 
[ 1.23186485  0.14542966  0.62969745 -0.89086779 -0.19216171 -0.007213
  1.36777512  1.64226948  1.40580713 -1.32913498 -0.74090204 -0.34436884
 -0.41035066  0.41944486 -1.3488018   0.54441882  1.32597229  0.99649792
  0.61722092 -0.22237473  0.03699709 -0.10200446 -0.03297617  0.03507906
 -0.31806362 -0.28450032 -1.01956864  0.9612471  -0.70355946  1.19511358
  1.23423748 -2.20608242 -1.09290486  0.16184734  0.15853595  1.24214623
 -1.56418205 -0.22319421  1.58461951 -0.37322854 -0.59092851  0.12511339
  3.1456462   0.88985026  1.09237418]
Accuracy: 
0.983451536643026
Trained Parameters: 
[ 0.64584759 -0.28113628 -0.78612506  1.18398697  2.47727591 -0.24802247
  0.23141587  0.33769658  0.42306428 -0.40037341  0.21594919 -0.97756493
 -0.93176758 -2.77774302  0.35583821  1.222169    1.12128872 -0.28028559
  0.54058846  0.55383862 -0.63221138 -0.41990297 -0.01672458 -0.02910447
 -1.70180783  0.04750778 -0.19512746  0.05406522  0.60040897  0.74109138
  1.84751482  1.06474128  0.29383439 -0.31320308  1.32809509  0.41145281
  1.45785227 -1.31608382 -0.71692458  0.34386062 -1.67216244  0.90214228
 -1.56405646 -1.36484061 -0.33470635]
Accuracy: 
0.9229314420803783
