Trained Parameters: 
[-1.96703299 -1.22214621  1.56769926  0.35580684 -0.5277014  -0.99716665
 -0.37306852  0.95875143 -0.6897225   0.79283973 -1.09992855 -0.18199761
 -1.28101713 -0.86535475  1.64485711  2.4942399   1.58798118  0.72842713
  1.18366901  2.87139378  0.0824274   0.66569943  0.71838452 -0.96375402
  1.86593684  0.20229783 -1.84912536  1.46823441 -0.4390724  -1.34424966
  0.35933059 -1.35784487  0.21914732 -0.47135817 -0.31317044 -0.66334891
 -0.80900744  1.81735725 -0.19290226  0.1380646   0.49340001  1.83952591
  1.05308645  0.67394119  0.4819799 ]
Accuracy: 
0.9914893617021276
Trained Parameters: 
[-0.24525464 -1.69120126 -0.95176672 -1.18673072 -1.96495908  0.432283
 -0.1014359   0.94299921  0.03349248 -0.93555143 -0.19551737  0.55187246
 -0.77932973 -0.70232654 -1.09037827 -1.53750815  0.27905505 -1.14874973
 -0.53639397  0.43086246  0.1938487   1.18160018  0.26794426  0.52308529
  1.54583211 -0.40778839 -0.60996797 -0.64513115  1.8770357   0.31377598
 -1.82272128  1.28435043  1.34997297  1.22928878  0.10242234  0.11227548
  0.29792276 -0.37222866  0.04593382 -1.42996859 -0.2600216  -0.10769069
 -0.53180625  0.6310811  -1.01242684]
Accuracy: 
0.9730496453900709
Trained Parameters: 
[ 0.82446198  0.90231682  1.05290708  0.44634685  0.39298126 -1.10729811
 -0.77639891  0.84825061 -0.53350222 -1.60500918  1.07934931 -0.58922783
 -0.47251589 -0.1080702  -0.09678998 -1.22142566  0.51270269 -0.1693857
 -0.05343504  0.90010704 -1.7046323   0.1018605  -0.37519496 -0.04017043
  1.30476495 -1.07525747  1.37428151  0.07994301  0.08572638 -0.30059124
  0.40933647  0.44275045  0.39415284  0.40845075 -0.17808679  1.02352679
  1.89594923  1.04492263 -1.048638    0.45239034  0.09385801 -0.12880318
  0.72729703 -1.35051448 -0.90611697]
Accuracy: 
0.9602836879432625
Trained Parameters: 
[ 1.17529834  2.33779121  0.12758131  0.10967862  1.09444209  2.15208154
  0.70526247  1.25144387  0.65294399 -2.07327249  0.0266841   1.40212627
  0.37339076  0.2544112   1.44511377 -1.64173466 -1.57520731 -2.08308293
  1.64162462  0.50400022  0.48442143  0.69144043  1.59111576  1.68311601
 -0.46639217  0.74207924  0.30990708  0.44392236  0.20120899 -0.2578233
 -0.84914247  0.63056876 -0.18760717 -0.42843107  1.43062226  1.7889024
 -0.0594124  -0.88390975 -2.45382537 -1.2349006   0.12421286  0.12633577
  0.03578283 -1.00654028 -0.61648394]
Accuracy: 
0.9593380614657211
Trained Parameters: 
[ 0.23873083 -0.41007706  1.63030836  0.5739732  -0.27498357 -0.77512545
 -1.28938257 -1.86048893  0.47124469 -0.97031303  1.32292852 -0.42620157
 -0.27455469  1.25232738  0.30690142  0.49996044  0.53410275 -0.18563794
 -0.16672219  0.59855185  0.13800213 -0.03759031 -0.05160409  1.24808923
 -2.4767385   0.68539685 -0.49964669 -0.89062116 -0.64288739  1.93371358
 -0.25276277 -0.00751804  0.15319272 -1.75287109  1.78811121  1.88561983
 -2.14328131 -0.29901139  0.16633873  0.08485801 -0.63370417  0.57713199
 -0.72335109 -0.65384861 -0.59949807]
Accuracy: 
0.9635933806146572
