Trained Parameters: 
[-5.36645473e-01 -5.23014832e-01  1.12455462e+00 -2.71835253e-01
  2.43831206e-04  1.09399039e+00  8.90868344e-01  1.75276995e-01
  7.03277736e-01  2.54874905e-01 -1.61323496e+00  1.24348091e-01
  2.31702072e-01  6.04833536e-01  9.30858893e-01  7.29165504e-01
  8.90567262e-01  1.13296961e+00 -9.99232067e-01  2.08615371e+00
  4.01470093e-02  1.79781190e+00 -1.44040507e+00 -1.10461398e+00
  2.68794746e-01 -3.05682664e-01 -3.99264005e-01  2.34865563e+00
  6.59779063e-02 -1.29385169e+00 -2.05925877e+00 -6.97296927e-03
 -5.54789878e-01 -1.07693501e-01  1.72060685e+00 -1.68571209e+00
  1.36587288e+00 -8.73717765e-01 -1.16446504e+00 -9.91781435e-01
 -4.83714357e-02  1.07615632e+00  1.24276535e+00 -9.27443125e-02
  4.52177900e-01]
Accuracy: 
0.7153664302600473
Trained Parameters: 
[ 1.10663679 -0.42236886 -1.45230432 -1.58113698 -0.12381343 -0.6052184
 -1.51124444  0.83093043  1.03050811  0.15510413 -1.17599541  0.81694884
 -0.86201613  0.24792473 -0.29408193  0.33052286 -0.02329331  0.55670478
  0.37350018 -1.04998916  1.53254348  1.21133411 -0.67662001  1.126272
 -0.61484987 -0.06596128  1.16079364 -1.55880906  0.67385709  0.53656093
  0.23751413 -0.62645859  0.84385059 -0.35523266  0.68038922 -0.06562338
 -1.51464148 -0.96308766  0.63658745  0.51297744 -0.16653493 -1.05728159
  1.53268131  0.53214306  0.93851448]
Accuracy: 
0.735224586288416
Trained Parameters: 
[-0.6615913  -0.17344267  1.94789097  0.03580092 -1.04794277 -0.71974978
 -0.91076647  0.3663216  -1.48457879  0.1893178   0.56731051 -0.67059287
  0.05172184 -0.48775122  0.24854564 -0.13623255 -0.03740685  0.33098513
  1.51815476  0.11231418 -0.81095878 -1.12992057  0.55586854 -1.71167367
  1.55219693  1.41400364  1.52156216  0.08505106  1.12573659  0.00788335
  0.0027642   0.07715233 -0.69650578  0.73672811  1.06130184 -0.58424651
 -0.38674016  0.00386099  0.90870196  1.74164999 -0.45208161  1.02118592
 -1.36221898 -0.35728611  1.86704046]
Accuracy: 
0.7063829787234043
Trained Parameters: 
[-1.12364256 -1.6665107   1.22530827  0.14175741  0.30406358 -0.35522477
 -0.57309465 -0.40714319 -0.57504613 -1.50232601  0.52877426  0.87181401
  0.57050529  1.80994813  0.49020212 -1.10427432  0.05071304  0.27718531
 -0.99008937 -1.78831006 -1.76818678  0.83824498  0.82986304 -1.02112496
 -1.02045165  0.96172681 -2.1526851   0.8629296   0.43402805 -1.57016703
 -0.15394287 -0.82526275 -0.59418503  0.21081079 -1.31550246 -0.49131288
 -1.19463021  0.94198765 -1.40089547 -0.86969601  0.12013191  0.86824913
 -0.37906246 -1.30357773  0.67994633]
Accuracy: 
0.7059101654846336
Trained Parameters: 
[-4.97652857e-01  6.60649163e-01 -1.17733471e+00 -1.85951127e+00
 -2.77846299e-01 -4.99783171e-01  3.90973910e-01 -2.72767343e-01
 -5.39785645e-01 -5.04522579e-01 -7.63592268e-01 -5.48749274e-01
  6.68527729e-01 -2.56964588e-02  9.39249664e-02  1.82648601e+00
  2.17984714e-03 -9.24535582e-02  7.24926294e-01  4.79670339e-01
 -3.15341564e-01 -8.21672225e-01  2.38513689e-02 -5.62355264e-01
  1.76159773e-01 -2.62270553e-01  6.42876067e-01  1.69982980e+00
  4.41866593e-01 -8.92585107e-01  2.55376295e-01 -1.25227270e+00
  1.04530526e+00 -9.19328790e-01  1.05666582e+00  1.08883493e+00
  2.63449905e+00 -5.44534034e-01  1.88604305e+00 -1.05319319e+00
  1.35349515e+00 -1.05901948e+00 -8.50143232e-01  6.99845015e-01
 -1.09911943e-01]
Accuracy: 
0.7063829787234043
