Trained Parameters: 
[-1.34874539e+00  1.13987978e+00  5.95210908e-01 -1.39228866e+00
 -1.03510503e+00  2.00295364e-01  7.30727642e-01  1.19295372e+00
  9.22846975e-01  1.94040732e-01  6.18505139e-01 -1.35865342e+00
 -3.12127981e-02  7.25755712e-01 -6.97965504e-01 -2.87542793e+00
  1.00511438e+00  6.38479154e-01 -3.04527227e-02  5.50056381e-01
 -3.10631139e-01  1.57241628e-02 -4.54759229e-04 -5.06475864e-01
 -5.11132043e-01  1.23382349e+00  6.90608816e-01  6.92868351e-01
  5.76945082e-01 -1.11254287e+00  4.09287482e-01 -3.18275302e-01
 -4.40759117e-01 -9.14130408e-02  5.14324417e-01 -1.62914799e+00
 -1.42673293e+00 -1.23439347e+00  1.38883219e+00 -7.93469707e-01
 -1.33605449e+00  1.30976602e+00  1.00167067e+00  7.62617760e-01
  4.31107611e-01]
Accuracy: 
0.9947990543735225
Trained Parameters: 
[-0.13041912  0.68260574 -1.70549832  1.13036032 -0.42192591  0.12977683
  1.0043702  -1.05366145 -1.19204158 -1.39555531  0.934583   -1.29576217
 -1.27173636  2.5391791   0.19466349  0.69325219 -0.98443439  0.36880482
  0.78106896  1.06614765  0.11542588 -1.71605142 -0.54470151  1.26646049
  0.22706466  0.07052731 -0.64923849 -1.43589657 -0.20515575  1.6461429
 -1.45604486  0.55602954  0.66884676 -0.35718938 -0.74616585  1.5286927
 -0.265353   -0.19441024  1.49369178 -0.24270839 -0.00651085 -0.59184709
  1.34418368 -0.04232914  0.13716581]
Accuracy: 
0.9612293144208038
Trained Parameters: 
[ 1.19951361 -1.42052164  1.26436165  0.2033929   0.10970862 -1.92698948
 -0.51886256  0.01258442 -0.49957852 -0.21209018  0.26775466  0.72427533
  2.12560135  0.754413    2.04276041 -0.10303183 -0.01733012 -0.82929401
 -1.64462032 -1.78639765  1.71933683  0.57865803 -1.53673915 -1.67089814
  0.10535258  1.49811166 -1.43419294  0.6109425   0.39152467 -1.08089853
  0.0877103  -0.31861115  0.99216223  1.1224854   1.37019115 -1.09117692
  1.56429726 -0.54588268 -1.53533139 -0.58601148  0.83655012 -0.35701678
  0.16367637  0.13305161  0.64022416]
Accuracy: 
0.9319148936170213
Trained Parameters: 
[-0.55209974 -0.66377206 -1.22893512  0.39589959 -1.73180401  0.09633265
  1.19653415 -1.12648806  1.5364837  -0.8404077   1.37187086  0.78096337
 -1.57593747 -2.83888328  2.09580198 -0.42598034  0.47099425  1.55257157
 -0.09013789 -0.65479789 -0.4685106  -0.0746385  -0.1250605  -0.15323762
  0.21028683  0.56076175  0.70133915  0.18120993  1.13202339  0.09235843
  0.42364772  0.86840359 -0.25029491  0.01305864  0.10546142  1.80887755
 -0.72416723 -1.57299315  1.17087883 -0.18118772  0.03247969 -0.90552133
  0.59290217 -0.99114282 -1.01059058]
Accuracy: 
0.9626477541371158
Trained Parameters: 
[-2.30163281 -0.55029303 -1.32801094  0.94030713 -1.09507534 -2.30261124
  1.6388918   0.93632151  0.4434937   1.34311135 -0.52205318 -1.41305565
 -1.99125631  1.24552042  1.50853504  1.06031205  0.45172508  2.05302572
  0.32272959  0.1985903  -0.16075341  0.02899229 -0.23580366  0.09474572
 -0.2442369  -1.15509331 -1.03341469 -0.60605974 -0.17322566  0.3833113
  1.75715797 -0.31823313 -0.43787925 -1.18790294  0.46702667  2.21188252
 -0.03354312  0.02179456 -0.11126617  1.91212795 -0.06537008  0.64200269
  2.30870138  2.18497034 -1.15242653]
Accuracy: 
0.9905437352245863
