Trained Parameters: 
[-1.62683828 -0.98948593 -1.59759869  0.23754839  0.2386601   1.45264618
 -0.16562646 -1.32868701  0.67591056 -0.51733596  1.29116311  0.13547257
  0.89795299  0.82224998  2.29515356  0.77906328 -0.39761272  0.01855437
  1.05829074  0.13168467  1.2783378  -0.64309854  0.09075543  0.50652218
  0.66872043  0.43570074 -0.26011286  0.12846753 -2.56497116  0.47825638
 -0.51262858 -0.52230606  0.93851559 -1.08914064 -0.50234474  3.71631323
  0.64568036 -1.52284508 -1.51011126 -0.29891537 -2.09632956  0.45123307
 -1.27647312  0.54582676  1.32404743]
Accuracy: 
0.8080378250591016
Trained Parameters: 
[ 1.94405453 -1.84302131 -1.38517419 -1.28716923  0.93729162  0.25181575
 -0.5043135  -0.02858885  0.47825569  0.95865584  1.72244877  2.09125032
  1.2807288  -0.51022449  0.49837418 -0.01374667  1.67286588  1.78541996
  0.34524726  0.09813109 -0.68369152 -1.97973624  1.36815768  0.98720654
 -0.97197975  0.14654045 -0.01305551 -0.97494663  1.8873186   0.05124135
 -2.11649923 -0.18397693 -1.07941779 -1.30126652 -0.85574347 -3.09775306
  1.02175824 -0.21365429 -0.35920216  0.9762423  -0.88211866 -0.5734468
 -1.45670722 -0.0241403  -1.38998342]
Accuracy: 
0.7470449172576832
Trained Parameters: 
[-1.87492676  0.30691531 -0.19195718 -0.18971654  0.36646967  0.61966428
 -0.84082997  0.31430268 -2.00780119 -0.79676601 -0.55235272 -1.61194248
 -0.06397078  0.0361144  -0.05148093  0.39043696  1.74107384  1.05641782
  1.27519591 -1.44286239  0.98588737 -0.52596704 -0.08221654  0.16823972
 -0.89015774  0.51956363 -0.08529804  0.88171338  0.32380381  0.19014457
  0.33466974  2.25466459 -0.52133836  1.01485042 -0.89869745 -0.79792233
  0.73283389 -1.23836451  1.23606607 -0.47962273 -0.97300576  1.6785638
 -1.79254232 -0.59061761 -1.39828486]
Accuracy: 
0.7924349881796691
Trained Parameters: 
[ 0.83389559  1.30402584 -0.40139081  0.14346641  0.27613327  0.37260178
 -0.06615888  0.94383986 -0.53520617 -0.87789183 -0.90702679  0.03159883
 -1.51811058 -0.47424892 -0.50895452  1.76452274 -1.17687685 -0.85425194
 -0.94068633 -0.03530519  0.73508758  0.84682998 -0.35380396 -0.15162788
  0.96377511 -1.39871998 -1.22477957 -0.94951531 -1.34336085 -0.09342364
  0.45178389 -0.78428538 -0.62549374 -0.26552284  1.14785165  0.30436522
  1.51430812  1.44174913  1.38383184  0.19969192 -1.99906407 -0.4224556
  1.94479447 -2.02480686  0.20374941]
Accuracy: 
0.7711583924349882
Trained Parameters: 
[ 0.55001028  0.25907458 -0.0756296  -1.04600655  1.15150372  1.24674184
 -1.10959025 -1.10817238 -0.85971323 -0.24257266  0.11657779 -0.96834473
  2.23572771  1.15314659 -1.47453728  1.29911444 -0.10396026  0.62643989
  0.21125784  1.20698313 -1.17946088  0.84244775  0.65155156 -0.49278323
  0.60073388 -0.55234648  0.61859705  0.48844206  0.29427172 -0.5987571
  1.60763774  0.47813902  0.39053543 -1.49346547  0.77942709  0.15699601
 -0.67775798 -0.87315321  0.60773659 -1.55250758  0.16125095  0.42653687
  1.49591719 -0.03296077 -0.16559499]
Accuracy: 
0.7924349881796691
