Trained Parameters: 
[ 2.07842307  1.52101203 -0.91670247  1.22524056  1.47550148 -1.38064645
 -0.91946528 -0.05526492  0.36642111  0.5001423   1.20416625 -0.13307946
  0.40031054  0.09160201 -1.00373905 -0.89558662 -1.04992942  0.15865385
  0.77327234 -1.24962053 -1.97460023 -2.47369553 -2.02393436  1.43612891
 -1.73435947 -1.96656975 -0.15740628 -0.17591252 -0.56483598 -1.03485201
  0.01138862 -1.47301012 -0.87949169 -0.14854111 -0.83935859 -0.53261641
  1.00356521 -0.26237971 -1.48194063 -0.98369353 -0.95813578  0.30131796
  1.55725891 -0.8798732  -0.31973129]
Accuracy: 
0.9645390070921985
Trained Parameters: 
[-0.03147801 -1.31015931  0.80335589  1.37851293 -0.22515063  0.28431771
  1.25719987 -0.13178898  0.6085101   1.61085842  1.44955735  0.4561817
 -0.91044523  1.00796344  0.18929686  0.25322942 -2.06320152  0.33474063
  0.04137206 -1.9175879   0.51635699  0.37322206 -0.66557601 -1.25139327
  1.15562331 -1.03344497 -1.29225693 -1.55964214  1.44256796 -1.07688197
 -1.08066988 -1.09142752 -0.69220811  1.234121   -0.41053968  1.9773894
 -0.55255207 -0.73397819 -1.6306372   0.93393185  0.34209982  0.27528862
 -1.92608766 -0.61994291 -0.26226728]
Accuracy: 
0.9569739952718677
Trained Parameters: 
[-1.36505942  2.74654828  0.03682613 -0.1090202   1.7684897   1.32214228
  1.47574083  1.21114999  1.39008047 -1.45793995 -1.5432773  -0.92998889
 -0.50709988  0.59743069 -0.33844155  0.82869293  0.06452187 -0.09314754
 -0.65471981 -0.34692767  0.90537792  1.99527834 -0.03682916 -0.04018736
 -0.06682147  1.23828091  1.13366807  0.03325671 -1.20976085  1.03451625
 -0.60019536  0.29562155  0.09298317  0.11256289 -0.30160596  0.50401529
 -1.47210761 -1.5227811   0.60675886  0.99353027  1.3319219   1.19930318
 -1.57269988  1.20245034 -0.01352908]
Accuracy: 
0.9791962174940898
Trained Parameters: 
[-0.06671335 -0.06504185  2.84533976 -1.04691929  0.66460442  0.06182432
  0.15992724  1.26216568  0.12245393 -0.09918166 -0.70529888 -0.50028747
 -1.51100781 -0.80647656  0.46760255 -0.25060001 -0.68212553 -0.97261361
  2.76314745 -1.35939512  1.29610438 -1.82449359 -2.02450337 -2.68663968
 -0.44676749 -0.78228708 -0.36595274  0.62297487  0.59312088 -0.08171076
 -1.16019061 -0.98601998  0.11356044  0.09179511 -1.16184688 -0.22604517
 -0.26050853  0.63586078  0.26279172 -0.97853044  0.64925456  1.35717644
 -0.09139163 -1.24449258  0.888655  ]
Accuracy: 
0.9749408983451536
Trained Parameters: 
[ 0.7831745  -0.36528276 -1.78554105 -0.73989163  1.3252159  -0.55884835
  1.63300389 -1.48100335 -1.36353874 -1.58526662 -0.33605828 -1.08345017
  0.64797638  0.20143945  0.97451429 -0.46603259 -0.48686745 -1.42771797
  0.58603615  0.29791202 -2.11163     0.00714834  0.20468116  0.02699658
  0.245233   -0.96101215  0.23403761  0.19769498  1.84977674  0.0324737
  0.64417476  0.57285067  0.31323052 -1.48934691 -0.04811053 -0.20648531
 -0.60719144  1.63141857 -1.39442481  1.23242338  0.15596187  0.80619104
 -1.46708375 -0.63854142 -1.52852818]
Accuracy: 
0.9777777777777777
