Trained Parameters: 
[-0.98034631  0.77039407  0.41555245  0.91031577 -0.55818022  0.30864094
 -0.72202448  0.81251378  0.88902518  0.18351325 -0.38489249 -1.57395956
  0.92451256  0.82326771 -1.65805482  1.23281866  1.86218958 -0.60672232
  0.95277571 -0.75640562 -0.04945819 -0.42647931 -0.79196645  1.16810208
  0.30605996 -0.10718395  1.27490688 -0.98225392  1.94409134  0.47787619
 -1.50445238 -0.1979024   0.42536308  1.75159783  0.74449284  1.589591
  0.27632313 -0.09296522  0.79543028  0.88148776 -0.28768399 -0.25347718
  1.19586212 -0.64502328 -0.29117985]
Accuracy: 
0.9763593380614657
Trained Parameters: 
[ 2.0306637   2.47935271 -0.54624183 -0.04739507 -0.25122864 -1.52383981
  1.56323589  1.63579151 -1.63202404  1.09176146  0.67459021 -0.49662114
  1.35561865 -2.08347079 -0.71123613  1.24314181 -0.0242633   0.34256742
  0.49845542 -0.66498942 -0.34120839  0.05932984 -0.02477622 -0.00652692
  1.73201776  0.12816863  0.71703913 -1.84743313  0.6447617  -1.0710715
  0.72761893 -0.18693626  0.50297074 -0.32724679 -1.42135877 -0.45937919
 -1.56534743  1.17467685  0.07368457 -0.7015128  -0.79237721 -1.07384213
 -1.14628021 -0.15639825 -0.02055985]
Accuracy: 
0.9810874704491725
Trained Parameters: 
[ 3.09643697  1.82346835 -0.33091676 -0.00395668 -1.68605639  0.34273927
  1.51222228  1.53085007 -1.66214735 -0.70746438 -0.40585186  2.27855152
  0.14876545 -0.30932595 -1.06998508  0.0125899  -0.07063299 -1.44073451
 -1.0428262   0.89683447 -1.85017375 -1.56323345 -1.5620376  -1.53076303
  1.76767114 -1.14516951  0.44872274  1.48142429 -0.45436343  0.48343038
 -0.63238346  1.96581761 -1.32545996 -0.76807086 -0.59395072  1.49729219
  0.00585802  0.75660489 -0.86827557 -1.56567136  1.29603465  0.60487122
 -0.94493763 -1.85816104 -0.04106716]
Accuracy: 
0.9810874704491725
Trained Parameters: 
[-0.01759317 -0.60095698 -0.69497489  0.86580051 -0.87054794 -0.72950515
  1.03910778  0.07618811 -0.71462178 -1.10682755  0.86547414 -0.64494429
  0.39559252 -0.81022027 -1.36648644 -1.04107401 -0.66237187  0.15707649
 -0.41457039 -0.35941584 -1.03531409  0.42137825  0.95748847  1.1820361
 -1.12205917  0.78257068 -0.64101137 -1.12420955 -1.56647327 -0.58593549
 -0.56834396  0.32667559  1.59794087  0.44767354 -1.2162337   0.53150312
 -0.20983677  2.42204439 -0.80395215 -0.59804761  0.33014668 -1.05838611
 -0.97838956  0.6183666   0.88330035]
Accuracy: 
0.9815602836879432
Trained Parameters: 
[-0.0133776  -0.23370119 -0.08660242 -0.71664573  0.48877891 -0.34651155
 -1.46942818 -0.79918598  1.67058495 -0.43547183  0.3599047   0.53622399
  2.23447266 -2.07804138 -1.70998166  0.55947474 -0.50623136 -0.56868564
  0.50575798 -0.99682612 -1.52953061  0.02244929  1.29842336 -0.01324645
  0.1734308   0.94484575  0.93634998 -0.64185343  0.6070748  -0.56094715
  0.98437064 -0.35033379 -0.62168198  0.6926162  -0.75560696 -0.50753229
 -1.6251461  -0.42187463 -1.54967148 -0.13542029  1.30008712 -0.85395627
  0.06648737 -0.76073323 -1.19849309]
Accuracy: 
0.9839243498817967
