Trained Parameters: 
[ 1.35143563  0.20584824  1.04736957 -0.46466219 -0.12301051 -0.76918081
 -0.57260742  0.17852645  0.6432574  -0.41563643  0.44219621 -0.63056017
  1.58601471  0.17890625  0.37023148 -0.94006014 -0.48944152  0.31119202
 -1.32590533 -2.2099808  -0.89771387 -1.52020187  0.78238018  0.67659954
 -0.61783779 -0.44792238  1.29959719 -1.42380818 -1.50273434  0.11164666
  0.53619915 -0.86284457 -0.77813999  0.43821816  0.85743745 -0.44618573
 -0.80098219 -0.38690583  1.90237574  1.33497314 -0.2824106   0.09429161
  0.67119944  0.59940233 -0.62482942]
Accuracy: 
0.7210401891252955
Trained Parameters: 
[-2.1523691  -1.36139168 -0.55574978 -0.67740659 -1.59614236 -0.74345951
 -0.2606609   0.25560237  0.27331611  1.08396857 -1.36591907  1.0737469
  0.0173994  -0.20190878  1.97728359  0.90953076  0.82710351 -0.5214999
 -1.39675271 -1.37794017  0.84932834 -1.58987816 -1.64586275  1.20227353
 -0.12974096 -0.11181861 -1.09087634  0.11993111 -0.03243191 -0.60463716
  0.79521803 -0.70606365  0.20306801  1.21854298  0.66214842  0.28120789
 -1.79914112  1.0471299  -1.16096128 -1.22699311 -0.19333863  0.48245433
  0.21721541 -0.57290259  1.23646975]
Accuracy: 
0.7569739952718676
Trained Parameters: 
[ 1.53601694 -1.40034849 -0.2757553  -1.83348321 -1.84500466 -1.09796212
  0.1027409   0.94853856 -0.97037021 -0.85106224 -3.03189099  0.4863106
 -2.33038476 -1.36692952  0.67022814 -0.14022699  0.03316104  1.27140407
 -0.00958854  0.0964068  -1.00627814  1.01719474  0.81298276 -1.39758675
 -1.85497828 -1.02938187 -1.02075269  0.55691732 -0.01793919 -0.26542418
 -0.77614804 -0.97734012 -0.16534704 -1.62844817  1.07462705 -1.66512109
 -1.65410037  0.37350257  0.63018796 -0.48177151 -0.91482195  0.4174921
  0.85081337 -0.19146849  1.18334305]
Accuracy: 
0.7016548463356974
Trained Parameters: 
[-0.61212947  1.12728356 -0.5826486  -0.25385448 -1.00060844 -0.27725838
 -0.09665121  0.34492761  0.13269117  1.64279842 -1.34755206 -1.70567799
  0.75191333  0.42783168 -0.06373231 -0.13781374 -0.19627284 -0.53642332
  1.74265515 -2.86174863 -1.78584545  0.28062563  0.26304582  0.03930845
 -2.48288656 -0.00353684  0.14535401 -1.19728262  1.2960222   0.1945148
  0.97195356  0.05222584  2.48065724 -0.27591377  0.14347355 -1.30743259
 -0.38771954 -0.49091781 -0.2795695  -1.30531624  0.97340211  1.48846265
  1.44966736 -1.3160374   0.44692431]
Accuracy: 
0.7635933806146572
Trained Parameters: 
[ 1.16190767 -0.42174763 -0.3312747   0.5839351   0.93781797 -0.24625159
  0.26500926 -0.12517509  0.46140039  0.66823251 -1.36899102  1.01885236
 -1.45938484  0.42113582  0.75944196 -0.27230354 -1.79793918 -0.37956441
 -0.09645912  0.92554164  0.24747052  1.44131348  1.68930263  1.27398112
 -1.27550934  0.99274347 -0.0102614   0.83321368  1.24797019 -0.9304605
 -0.35574784  0.7373249   0.35577579  0.51258412 -0.37128093  0.77514006
 -1.65158135 -0.05936235  1.20865477 -0.3177091  -0.2697222  -1.4819275
  0.37982242 -1.63665981 -0.72647667]
Accuracy: 
0.7683215130023641
