Norm of 16 bit Hybrid Embedding
Norm for pca16
4.491435531254373
5.2400373060357595
1.0605301348344942
0.5078150747351828

8.546365729319506
3.3090875693137063
1.937642328233361
0.8912591297260921

8.99394569660234
2.3953880755970274
1.7318541016532694
0.7231117515634158

7.760467773660721
4.198017745376627
1.3039219667731496
0.32128296062403927

9.846717249185527
4.907574938002139
2.0565748235136034
0.888347603955476

8.662507903689928
2.2920054279149458
2.8381033808396157
0.5522913860327654

9.667210174147252
1.797082366183193
1.6158310825332896
0.874062568853601

7.885981255822221
2.3112215071053495
0.7142963090570038
0.3750250212918612

9.839092636490596
0.920935371069996
0.4825344141932692
0.07717004683245947

10.267989165910084
1.96298397209834
1.2800973319646625
0.41386796106827156

9.195166683605095
4.074102477043726
1.4624980642170127
0.729150799378874

4.158824734934408
4.684218084676352
1.922516493988139
1.1116079683718698

7.642011336979646
3.6518238488374237
1.8804589013295274
0.4999537207855158

3.2829905146655265
3.921798713516548
2.2913187243732627
1.1178200140141432

6.676593536729629
5.360749341397776
2.1378701015317727
0.3426427195819679

8.93261561854671
2.6864585012542417
1.0947213283487032
0.523454800219752

2.925535172589106
1.3724814129432106
0.851920312117005
0.28468083022633267

5.99401401088309
3.23187657961888
1.5086607691164904
0.6042803053326362

6.38692928762066
5.307558616611216
2.2076411098392623
0.6038647659301415

7.580681233481733
5.140065869264658
0.6318463100631267
0.8051386203066643

8.821376804646825
3.5323047798972382
1.5566432306440277
0.44685806521831445

8.006934874469176
2.79372263965562
1.0760942209399533
0.491254338869498

7.641505146616186
3.4855196728408413
1.559085700779288
0.6600997222050037

6.336835172436063
6.805898627855095
2.3419686420186947
1.5181712895511985

6.280146730440424
1.6751222770838416
1.0414090944719816
0.3070853198793844

7.6904929918825164
5.034652808268867
1.9814460738920425
1.3827610997821402

10.537400410255527
2.29943727946696
2.3422745773426987
0.37983357802891277

9.059957897735838
1.1099039270386528
0.6031161920388091
0.38801442334285735

9.104611804446245
3.8633420946502293
1.4497964751965218
0.7386278042073817

10.307089924448286
3.9317484383666117
1.0028016822504298
1.1930521033165136

8.642753854610845
2.7948800017153244
0.2788374357429326
1.2919444065696792

10.105414863400409
1.3031562143134252
1.0850135472212388
0.45809252641401793

4.828186083010885
3.2920155621791096
1.435599523554429
0.676333949557106

8.40080703164005
3.393491307441859
1.0353969523691855
0.4552152494694503

8.916261079102396
3.2779631771594686
2.888746116455266
1.9777241102609755

7.553675640023737
3.9327992069416684
0.45589724383849733
0.6836138989370857

9.758604839318986
2.014452713666908
0.9380226476480258
0.4845335077345132

9.126449807631019
1.4669732016416435
1.3583158992818374
0.37105056844328893

9.469090888176884
1.0172883633582648
1.1185227339652224
0.5828606509573651

4.388923890397258
1.6818628718150115
1.9232271012699904
0.5521484671984896

5.565208492557369
5.668900994962595
1.7595656810443248
2.147213085581479

10.239197757818637
2.324567140091359
1.5972997278192658
0.5873245916499229

8.91963522117743
4.874932403258057
1.8219412576794365
0.7684382451274305

10.388412402837105
2.136010000082761
1.3057267052905763
1.0570692100911632

5.737381402448135
2.2830817888135293
0.8792035522336341
0.589012982376115

12.00247192484683
2.166327876537164
0.5362504407061437
0.11023050303463021

6.536071949934472
3.55264567347773
0.46499088180557197
0.19138393296589185

7.876468459342013
1.915595018079756
2.1991179581112985
1.0333591721827549

8.22700638532549
1.818277691851945
1.2489089824882658
0.9333032613995077

9.426691085590857
2.2217762147292723
0.44798044250269264
0.24908706797693558

8.361809963764284
3.0007002197208914
1.368510015313749
0.5913192838360957

9.543187671233339
4.996955042687956
1.4626894589742319
1.417319545368919

9.373380481647732
2.1236182273085564
0.37681312847986864
0.308975279153309

7.218960540507112
4.488589282028044
0.8591606100756272
0.7283806225887037

10.39854382201617
1.8515827386631425
0.8815471748550755
0.2851606156002714

7.481724112927886
2.8931845966010687
0.8247649618287339
0.6059414756771714

8.167950735704535
4.197721753566954
2.0283727842269963
1.133906013695116

8.86684792967539
4.176230882119884
1.821766192465449
0.4523203320545792

9.333433300646734
1.3759115509920685
1.3772188052311647
0.48254900975160203

11.352123608320882
3.79820145821189
0.9645630290982415
1.255186733418184

8.472669279442957
3.263648902008564
1.8499077896594134
1.0303411778609326

6.706592748876738
4.531663815339877
2.8358130488212785
1.1856162489273883

12.13132224860541
1.9759200271498596
1.5175452234794204
0.6283480662519042

10.155754163596667
1.4807964216975225
0.4630573575667995
0.238328580185176

3.5472338715405702
0.809046999803893
0.883351246889269
0.4103605559702398

9.347638733484413
0.9976611716958138
0.38005569031990105
0.3198107608150059

7.566032368908162
3.828515149338421
1.7082528370680439
1.4749759911246987

9.101356011763299
1.6393739523386355
0.4033537974540905
0.1989178036498661

7.814438312040563
2.445551779163995
0.73865307850723
0.4766015779873446

9.153586059135854
3.5038328619096397
1.0719733653403887
0.5353836074529301

5.666597751645758
3.194867021185795
1.204985979999742
0.5025226191647986

8.594379143990313
2.5218718103723115
1.5387512087455613
0.6375725992766069

7.239752588413059
3.118040830880559
2.393417047770693
0.8367107478621655

8.40576314508381
2.4965513773030956
2.74345970132692
0.6281252123875561

9.732197974489912
1.4102940000382915
1.7846289588867141
0.8522663740833908

10.189488291665526
6.249743359058136
3.478398881251031
0.7405927776573673

6.298236768324345
4.344454119974057
1.0220035020187959
1.0413194096781921

10.278482101967843
4.9414933783979285
0.31835550100850546
0.21966631080274923

8.34892259643193
2.2654687778035254
1.1891248580431817
0.3789770202434284

9.343743666649585
5.459142693209923
2.047604928389414
1.2524875784710405

5.514693188916855
5.3724820071150035
1.8423668943441018
1.4930800736983076

3.146223730997182
1.9796027862588395
1.2378112137561377
0.3482585546281819

8.518595034056645
2.0199595236818992
1.1522263990734762
1.0025755471560496

9.525680675157632
4.373557886409351
0.764758074651559
0.6267604335625389

8.698017072886612
5.891221650641875
2.594185315121473
1.7541493401552535

8.141544929791289
1.4692361708307597
0.7268829839344189
0.3078850154073635

8.000196506937943
3.9065206648385846
0.4559141669576329
1.1851224432028016

9.434599231013555
3.884849471083103
2.5089151418935924
0.3243321890507589

8.564812772378088
2.5147877194012107
0.9516555809275103
0.1327802224495469

9.321104717820635
2.238420176682173
1.770013937965404
0.6046788641314068

8.656684144475767
1.254926532060146
0.6469818499848833
0.5600924904550456

8.061875591496477
3.471696078589204
2.240705835206467
0.9071923876947448

7.26790924527613
4.462309369577206
0.6532837509038772
0.9001580571584746

8.008604331903456
4.098108921444113
1.003075555022359
0.6586092140345825

7.764145289564844
3.6044519527453
1.2223536788454827
0.3277384299728624

8.398960732491862
2.1541221195155784
1.1199411906302967
0.6835012917173728

7.398711844674433
4.6933200027414275
1.220629842097063
0.38505746215937675

7.523218978265124
3.3089653704565336
1.6004138770511949
0.5722784004453765

7.043562536846392
3.8170099797138843
1.6634912251968634
0.9857609389495888

7.569565411235583
2.598070302451845
1.2635829155923988
0.31622395729838276

8.846841824071154
1.3264553120827975
0.644548793946992
0.45235238184008547

6.48488206070604
6.741799567539544
0.7222445598280552
0.7390736087245079

7.9685361496352
4.698272353473598
2.557458760012207
0.6119739560489053

7.629957611846621
2.9843023308944367
1.158827759869867
0.3774274670576858

8.89064969539482
2.3750361262376694
1.8576649509530487
0.9823047912490829

7.883030643411908
3.4329743617930446
0.66176593322037
0.701008727574581

8.642461101841183
1.7386058437508174
2.7862947410156673
1.5663943957598077

8.985120942705416
2.7205703266862917
0.41042360421989804
0.37946102305393437

8.956950188874956
2.198382213872006
1.910948174206145
0.7477574625402356

9.501164661244237
1.9566752980554583
0.8558205580924172
1.3719878494423219

7.546811244567596
1.0389456485457882
0.7992440286859591
0.4131017307777444

4.4618621259257205
5.002729327813786
1.8461512072216535
1.5441267421144467

8.257908279162654
1.239965935431048
1.8474909388548928
0.8429224097618242

9.307431138561638
1.1498300299000639
0.35317962705598266
0.19354328723220784

8.350857048887566
4.028729276228982
0.8235673176903179
0.23771902528772887

9.439610121352686
3.2039136405050836
1.4388167615277547
0.6540605115737784

8.74721225350855
4.617270399708007
1.4133774977984597
0.5473751360047003

9.143664185392694
3.5967837711927055
1.6791812399003172
0.8383273669046933

8.545881442326317
3.212323127051372
0.8542988816038307
0.29735296700847097

9.021270767671284
3.2961174020919892
0.6993147201224365
0.3525092657592919

10.583221416424625
3.735483425460311
1.340124986923372
0.3621365992437287

9.066599725654445
0.9609263234677822
0.528803969661776
0.3058479742485114

11.103444444077674
2.0799609100932015
0.4829379384656095
0.24045106015053588

6.830881205827468
3.1089535429415545
1.2572640348619009
0.21633088579267568

10.278482101967843
4.9414933783979285
0.31835550100850546
0.21966631080274923

8.920309639248462
2.6039124601662875
1.2568852823526517
0.4149302927533507

8.92835553753068
1.3387478122780057
0.6535103128570001
0.3369467352727176

9.535906111152652
1.3369562889213789
1.8473478394214493
1.2354616661353452

9.982009524299917
1.1941623479390104
1.1853743047011362
0.4203948564745543

6.1861391826231
5.802692589558556
1.4034750908294051
1.2067363442407635

8.562369784166329
2.4089403068325814
0.4629946653429152
0.4751274471141281

9.105813312362978
3.03340422951572
0.833007505374054
0.9406807668873267

10.278900652051266
1.9396765967270435
1.2615914894906972
1.0485408221090382

7.271007240115193
2.8297982330233795
0.8048690383849917
0.12108826051152186

7.392920084994546
4.62804269254749
0.8208763936793013
1.3730372701287819

7.780414778069815
4.3557706778025205
2.121074678147644
0.7631213536565395

7.531678074179484
3.4374173480631067
1.2157729721134236
0.5798172117122786

9.45328719646309
1.644194544076572
1.060000268455578
0.969759190496734

8.880212825586485
1.4958320768465643
1.2177491894337384
0.5764804238829376

7.563978968753168
3.3057262509993257
1.7049831985884139
0.5959327697134666

9.913435696253632
3.68432574785301
1.1104724660741359
0.9843504843171642

9.210573224254984
4.491070273868448
1.650870754965965
1.030030949487826

9.249187382105786
4.840272048002073
1.080364015462026
0.678200988062002

7.8918979084911625
3.425559057445719
2.004481078150326
0.5672157303641184

9.552499079272556
1.9056700273391391
0.8766764457365586
0.13540339783302144

5.170463890582434
0.6984362443674812
0.5171771786001856
0.39248711413246146

7.181392274886904
4.875695662530758
2.1383821440943485
0.6969885824304886

9.250244181829235
2.920579659351493
1.4876573958912727
0.43618175642294754

7.549596306618108
3.5156284713191295
2.941520426706733
1.5364472215199452

9.235172979579795
0.8623732998078255
0.8890694274199523
0.47419008011188885

8.81665154550984
3.736931088415062
1.7421897964041497
0.4020254791090893

9.031249515192572
2.854402142254336
2.034872255591008
0.7348186202716904

4.846684675297218
5.8778960165542085
1.0193244912402764
0.9655251918527574

11.857416576819515
2.984281716023412
1.3669868778657495
0.24998824362618652

6.649646100786437
1.4698409201128337
1.0190511611556332
0.4878971240434276

8.537578141828016
4.004938422545032
2.1019419397944614
0.8596343610685925

7.582831810063127
4.397531861632574
0.6760877147930001
0.6559285239764602

9.292067893273048
2.512585153252124
2.2325020446097255
1.3619998767271606

9.453299950099666
2.3402544826187244
0.7149336213402272
0.2510703776429391

7.925592487392341
2.429364644163845
1.273681415714399
0.8296387271213088

9.138213756259727
5.209997202008776
1.0180128652773173
0.5270527165481912

8.620173562079504
0.7207417314516664
0.7779369143137858
0.16394050899799964

7.670990452815006
1.9603097911141538
2.454070224311843
1.3112415152783594

7.760927771973734
4.380575737784798
1.8224248288133122
1.2365252286703463

9.780862258064978
2.5052652372532602
1.5429135348252827
0.6669766389413434

7.246375394755389
5.473920481115436
2.4564465728491127
1.1836165073863631

9.93334100572351
1.4253889004217684
0.2753147224598976
0.46983368633086786

7.61100658853601
2.597082657150751
0.5243329851386882
0.672676990905185

9.527503407357909
3.15234325862921
0.9791433532636299
0.3894036123803174

9.751579393868557
1.6865681966731518
0.886040082817467
1.0616095684684366

9.063955458514503
1.9489522083329702
0.7620525179337367
0.27287013005462235

5.730732624714605
1.6101317291072328
0.5265461160507848
0.4124158232897986

7.599693432531919
1.9790226595767408
0.5914612169156728
1.0034318026876896

8.014565834281347
3.2521095809179066
1.1947642203248272
0.7304205955776405

9.359171785526165
4.813432411470873
1.019903286608133
0.5396614224455718

6.304293852670921
2.306331569651188
0.9251674898203767
0.2899707990118603

9.056850964246502
2.972228920518712
0.2548540331514457
0.20389612278167998

8.086816937613706
2.38366667024067
0.6779907818366538
0.29635610566628645

9.132997359434556
2.4186844655845103
0.7392224668545511
0.9102837482419331

8.299052060684012
4.10932777712971
0.9675259209680894
0.9779761240309752

10.406861154389409
1.492262419487213
1.00040508335172
0.177202645612053

5.926665867653204
3.439109022091489
0.33287097520966147
0.25210834076084526

12.194583140051254
3.113999218076576
1.7739550536342716
0.4200565035463921

11.579319819542476
1.2068290786939266
0.4889909370541741
0.1701197724544328

9.32622129158689
2.880414297958563
1.5940525876711684
0.33202400685657185

8.553584781738838
3.460132647914891
0.42154193792730266
0.25397761659974943

8.262207692558448
2.4913908914924368
1.919438286366582
0.7133373953253358

7.116708502766695
5.744256851717073
2.40015221334066
0.8053831319065204

9.386312622274367
4.657139695837985
0.8594680066033034
0.6014666653828876

9.133756957089203
4.251364713002815
1.2733690285587953
0.5394028390818223

8.59358042283011
2.2562249706046855
0.6660881510939303
0.09989984442471048

7.503805988082638
4.210860504972389
1.5633321294040952
0.638626466791998

12.2197000008795
2.0468751780804517
1.3266924863677219
0.4094460466729

8.549406063688112
4.705458350146326
1.6651797422631955
1.1957295443551919

9.981291467268582
3.286581470719864
0.9019332678576755
0.34547942008634713

7.661336537052237
1.305975648356234
0.7170241253662339
0.2794885946620341

8.017759539237113
1.5239487893553985
0.33061608048048224
0.29769015696600776

8.68325948206282
4.734667211805457
1.6433435193374792
0.287876779235222

8.414092961581849
2.3029938209093483
0.6923882280036159
0.40626114242556977

10.28335813388405
2.3388007689348167
1.1092642110947069
0.8668630967605161

Norm of 16 bit Hybrid Embedding
Norm for autoencoder16
7.2042136
12.589702
7.245892
12.343006

11.78853
18.827694
14.349969
8.627119

7.6918993
17.118889
13.502942
11.486909

9.962428
17.944534
13.668694
8.266466

27.544899
13.651195
26.478876
31.250193

8.898109
19.729
16.713158
16.551159

23.736101
21.871515
22.935455
16.432343

23.62017
25.26421
30.288342
22.40105

21.298143
20.13962
7.5250726
12.817088

11.342676
15.679029
10.31523
4.76436

11.06547
19.049753
16.225769
7.6105804

7.6976256
20.164886
17.151806
14.628515

8.672339
17.842249
15.856529
14.212782

10.606311
15.152649
11.612412
16.36037

12.0000305
19.08423
10.9953
10.01786

22.632479
8.114734
17.45022
23.156342

35.25416
25.913788
31.96133
30.975462

30.22416
27.019556
18.40725
26.938679

7.2464933
14.442808
9.804493
12.906096

7.541575
19.710464
16.537094
13.851515

18.475718
20.893055
13.622166
6.667757

17.827139
16.114927
22.456297
24.091625

3.4241207
13.458139
10.935603
13.663516

22.408653
22.017164
28.734592
18.328327

11.5948515
22.514286
18.74945
12.729563

21.313787
18.300259
13.985285
22.977833

11.973314
15.883724
11.303968
6.831938

6.0473285
15.3656845
13.3218975
11.814156

14.493039
18.294037
14.163612
8.630556

22.77101
16.817217
25.347574
12.5845375

8.427189
12.679983
9.7084675
14.663423

6.37007
15.050345
11.3516445
13.487856

15.350127
25.769041
24.713923
15.323683

8.282428
15.691075
9.905467
14.760259

8.78596
15.161328
10.31935
8.195498

14.992727
15.69578
13.51183
18.052214

9.4849415
20.195896
15.244106
13.904332

8.3044815
19.480776
16.15536
15.465151

32.966843
20.597042
23.986738
22.270763

7.1760697
14.257631
9.994729
18.592686

14.689957
9.584323
20.226086
18.55186

7.110149
14.254186
10.602643
13.533848

7.2488575
18.78323
16.530313
12.270274

23.954245
21.075165
14.650372
13.678078

13.421889
17.401295
14.496548
17.188017

22.198723
9.606165
32.19753
5.2479486

6.462381
18.6958
14.3917465
19.407867

16.59588
12.957745
9.663049
14.199021

14.119837
15.54874
11.569525
20.112541

28.573168
22.924412
35.997414
21.470469

22.656042
20.604513
31.263777
22.453066

35.25416
25.913788
31.96133
30.975462

19.62254
12.479664
27.257885
15.528481

10.150699
11.19345
20.340939
7.4106355

6.8742805
14.230502
11.891447
11.208998

23.096449
27.296446
21.452934
23.292213

34.25
24.348318
31.493328
27.882652

27.256413
20.369278
12.968469
17.024199

27.582499
29.98362
10.260787
22.773853

29.665123
21.649357
24.31428
13.700447

35.654564
17.409988
29.637608
26.765709

9.731099
20.229076
14.812435
15.446557

15.718953
9.580072
26.888588
17.254175

6.079134
16.047043
12.835855
14.310989

20.727869
20.20295
9.868994
22.307226

12.192695
16.380484
10.773727
16.136017

6.70721
5.016078
10.977968
17.087605

29.827024
14.286281
40.580235
26.820198

33.61262
24.200302
22.10438
25.725183

35.314823
24.786543
29.145275
30.92563

13.77184
6.0068045
15.21199
14.863227

8.78596
15.161328
10.31935
8.195498

18.153652
13.108929
28.046324
17.8051

25.938389
26.859955
16.394903
19.863884

8.364015
18.872765
15.062807
18.629309

16.343746
8.7945
8.431174
11.974349

19.084206
19.448824
14.026147
12.694878

12.915654
10.499689
8.192967
14.687324

17.7279
13.750856
20.906244
16.950918

12.264879
11.574544
7.0513034
13.256696

11.822668
19.39396
14.36048
17.782125

7.828338
15.126033
10.196357
12.660401

7.3560557
14.697579
10.913254
10.370764

6.928405
17.175533
11.642234
15.221443

27.130655
16.299532
22.149014
23.561735

23.029518
18.27312
26.179806
16.420391

18.89031
15.952029
21.454182
30.366186

23.868422
14.819583
10.365109
17.072617

14.493987
9.179003
6.998766
10.690183

6.099702
14.7301035
10.979395
12.620593

26.258488
18.169197
11.667047
19.815758

24.292654
24.956419
17.575287
29.169582

29.00905
17.60839
20.528334
20.385777

27.661186
20.256998
31.30996
13.782644

24.056906
10.962493
13.948382
16.547009

4.394589
11.87772
10.131828
9.8273945

17.021255
12.433385
16.133968
27.028221

10.842658
13.035021
5.991457
2.7279487

17.652006
13.959524
18.183905
16.947706

25.746939
25.650286
20.13505
17.196825

34.176228
26.13044
32.89871
21.941452

31.945868
6.5855384
30.426365
26.93271

6.378197
11.774572
6.722266
11.037917

16.1774
13.239711
22.947683
12.255584

9.551524
19.293285
14.602363
12.293869

7.8250194
9.708973
6.2608376
10.300588

14.417762
15.8942175
11.439441
14.493029

22.661884
21.345045
25.741182
12.537283

13.03417
13.743055
10.444704
8.924118

29.186646
26.301577
23.145634
29.229805

12.369413
18.288935
14.244334
18.697992

19.106968
19.010485
12.828103
6.3588552

5.8103094
16.698677
13.429926
16.58321

13.42609
11.482074
7.421966
12.655504

28.514463
19.411734
14.502253
17.820816

14.222633
18.127907
13.431783
15.949825

29.95168
12.027635
25.528004
22.78356

16.940575
19.200518
25.066496
25.254923

4.549429
13.104504
9.664234
11.460279

10.186829
18.256887
14.984006
9.840307

14.194674
17.846138
14.82412
17.854183

8.254425
10.63295
5.6301274
11.623687

8.407521
20.525583
16.644201
19.47133

7.2409744
16.27875
11.380273
12.76262

8.512291
18.277658
14.277478
14.077102

6.9233685
16.061745
13.823664
10.519199

13.017454
12.967002
7.797709
13.029186

29.301718
19.535896
17.81491
16.739723

8.784218
18.111258
13.335878
15.061422

14.068622
9.509529
17.606955
14.939833

7.7611003
7.9750776
4.9412937
9.26561

15.170973
21.264902
10.651128
7.9977684

17.514494
18.836689
10.982108
6.826873

14.807669
20.6305
13.578867
6.4550295

16.535967
21.166742
15.149698
10.131673

31.396292
20.428087
30.108932
31.970337

13.09055
15.590863
10.560753
15.05012

12.523012
19.95811
14.306416
8.824345

27.20192
18.342245
39.102905
23.1985

9.021468
18.532562
14.934313
9.209794

29.57297
17.792381
14.379611
22.906206

11.145748
17.967909
10.990543
8.38037

5.9996567
12.19813
8.664235
14.627412

16.329014
16.099478
30.02555
23.494602

14.367713
16.483852
14.202691
17.86224

5.0924516
12.125696
7.9252424
13.1155615

10.049914
19.098734
15.200777
11.223619

12.927594
22.95973
15.7531805
8.365835

8.283526
16.998531
10.76806
14.692452

25.471117
25.042524
29.866655
21.238098

27.939072
19.741377
38.167522
23.185114

16.17124
15.414407
14.5900135
17.994802

34.155373
25.970316
33.008083
29.849907

18.531902
19.828346
19.570654
27.678478

7.8598676
9.003176
9.6583185
12.0172205

17.321766
18.032051
11.726823
5.3824635

12.222345
22.915865
15.885549
9.336647

4.692089
10.089944
6.7849016
8.129111

9.379017
15.002076
12.427657
8.44729

6.2625074
13.271038
8.932506
11.442276

11.300913
3.1647456
5.136905
7.3774395

12.192695
16.380484
10.773727
16.136017

11.770945
21.365168
17.490637
14.124227

5.8259864
13.309911
8.196333
11.493235

16.120378
23.604475
13.5233555
8.519464

7.42485
17.07259
15.3476515
10.539028

31.740795
24.959112
16.495863
23.615952

17.893997
13.623564
33.605316
20.091404

26.700186
13.458746
16.011612
16.405602

22.701878
13.1967745
31.494156
13.23508

15.152308
21.289469
15.921757
11.941379

7.9252563
16.07643
13.498286
11.440388

6.620464
12.909676
8.184422
12.396596

8.129943
16.296997
13.664694
11.317813

33.556416
27.041286
23.701128
20.63802

23.916561
11.99866
38.418507
19.219477

6.0852556
15.358521
10.62259
15.8094425

13.159781
23.746721
20.821245
19.34344

8.254425
10.63295
5.6301274
11.623687

10.469748
16.936789
13.558935
10.953795

29.645466
22.075663
36.930157
21.127684

6.297712
13.942693
12.046676
10.336852

22.535461
10.997612
26.794388
28.732828

5.2019677
15.892213
12.635643
14.418585

14.703349
21.38687
12.129761
8.885972

27.64521
26.0354
22.605997
28.928461

11.385634
17.453016
12.379538
7.140376

16.751808
8.729254
29.719185
25.253002

9.707309
17.4426
14.809932
11.719075

20.207684
13.421281
33.461857
12.0642605

5.953931
15.873746
13.114314
13.010646

7.201053
17.158022
13.08727
14.532524

14.326429
19.511135
16.030144
16.851429

27.509256
26.1916
24.98826
16.893667

31.630594
21.619596
31.275549
25.278831

8.1761
16.69411
13.048964
15.366472

32.884167
27.661488
26.054321
28.88796

5.99169
18.453012
14.624245
20.159552

8.374426
13.670259
16.787138
8.963899

7.6878543
14.406352
8.796612
11.180087

Norm of 32 bit Hybrid Embedding
Norm for pca32
4.506139901149386
0.1817514388714612

6.712186728624898
0.2590035979328894

10.822107169054291
0.34291576726341927

10.03832508176455
0.676781105048384

12.404705956120395
0.2699712207798791

9.75921501614
0.6055593626007972

8.189797473577476
0.2774576152083174

9.218475580558971
0.30037066804257906

9.617130477323709
0.3597070367577295

9.09607713618476
0.18798633243179802

9.433245500178787
0.43076671126274535

9.9636536624904
0.2806522193387566

9.447104564238678
0.9959616105825846

9.252497666974584
0.36067337730187643

8.404150042335775
0.3985179489351878

9.359748036206337
0.5211720679044228

9.523376229729667
0.9119272535621146

9.924417254832191
0.35959638799373733

8.702325774550376
0.1949208043968127

7.953354697612593
0.2530446627303079

8.35365894128185
0.1903106560607298

9.146124080213928
0.3908788103687097

5.9837708321460505
0.20013842690254746

9.332757110048973
0.31947542363584247

8.960581626864114
0.2929773347185957

9.731306867119105
0.8934028409870062

11.376882398015804
0.12244579629010373

9.856370701161238
0.3588996128006845

10.88949100688682
1.8324655165350656

8.095456038244835
0.2497687367274029

7.227070164817942
0.2728584665120041

8.859644444289575
0.29645981971785346

9.667865815530527
0.5534871192284249

8.16448726173962
0.36008365768345013

3.9238838773551263
0.8631728164996061

9.868675937511668
0.376125172129903

8.669885698561542
0.5113450104130974

9.032079520938442
0.31374712885602984

9.717338276167897
0.3478743106451521

9.705679479540752
0.5768843310575863

9.78905618867593
0.3407532203453477

4.661210323821573
0.23372869932735835

9.973492994311183
0.3476719600759696

9.623650147114606
0.2473988049282071

8.468911964068365
0.2988637442179516

9.004886117743455
1.0189451900634776

9.378669040303077
0.30596898874945694

8.425601876498579
0.40544556098184464

9.175364249042703
0.46706096670426217

9.521039648999318
0.44745780448450956

10.719168127737287
0.10271621947195236

10.412914417909198
0.39068261340833127

9.052109680934091
0.4130522256979172

9.03406387744811
0.2610845976048795

11.772277513922035
0.23379196931196478

8.19974986860319
0.357880940837077

8.388886054954979
0.41353639416421023

9.236831985600654
0.6928919230078808

9.824568866614
0.49899519699910716

9.4740857542816
0.6291500052222472

7.056693663689855
0.6807480997768306

9.783702447814603
0.47412653001376565

8.327970762769988
0.3027862419173342

9.280046554275103
0.23742155105995608

9.310826283475244
0.3674579053842534

10.540380047748814
0.8455902014154592

9.289554157862131
0.24715296568997644

9.16184911788325
0.2596324030718394

8.854507500505235
0.305910601445047

9.499107431668458
0.18056976364214547

10.355114202752867
0.374183896805213

6.264055305636729
0.1904588348569191

7.799990400217137
0.19746086358383194

7.542166074334529
0.3235945109467937

9.652476800782791
0.49249262980517555

10.63310171491367
0.5218721579326564

7.352602712848816
0.26369490566270526

11.369972860158127
0.3763856517332719

9.928463869270415
0.2966485845446913

9.507715569204624
0.13264296774830556

10.718163905190986
0.21728697962850643

8.788931111924855
0.49242660828077656

11.197455780783656
2.389833632621872

8.150710968950929
0.6332911160667067

8.329231780314386
0.5602852808750307

8.5448277120573
1.1331368494722878

8.778208501929251
0.4257092658844564

8.72592224343555
0.21397975949922424

6.04233938008095
0.45951010334031245

8.420652340117156
0.4267337293068735

8.217993288565193
0.195538398568461

8.852602416125409
0.5236165715644628

10.146623718179464
0.11338875000034924

9.581147680325028
0.29194343737197953

5.082280891328908
0.5757843537164888

9.04971767354573
0.6212034463879385

8.909451592708828
0.5707072348686062

10.120081335061515
0.68631630457914

9.545779529499427
1.2359180221405173

11.00604030302544
0.20320009835070402

11.57801048873916
0.16030530922110708

9.306847890735973
0.446428654701092

8.790408490256254
0.29199506784715556

10.187280371423329
0.155547373516099

10.93735170389117
0.3395377140606253

9.56686463501304
0.14548889246656307

8.392182313412915
0.6865536445026269

6.617027683417037
0.843600538199948

9.418728396255466
0.2090052231204671

11.41558939803333
0.42036196066430687

9.65951533834598
0.28837852708954215

8.44033745213711
0.8089767090690229

8.982462540592179
0.17060156436387824

8.818994235191886
0.3329840347062308

10.016144853027606
0.535605620457877

9.350466509702056
0.6170311415888792

9.541022219022237
0.15957252913172917

9.310132890255765
0.40959175140529885

9.63329393784221
0.24003638659501705

9.607880700601774
0.5879860157825215

9.413072544356769
0.38845511245910647

10.15026254564738
0.2288727729900872

9.623277502286562
0.3976850302243036

9.812263992679412
0.3475991068803815

9.953208980065837
0.39427006516593266

9.20690750040613
0.2480032147949681

9.375584970773614
0.19867877428097258

8.39894089699775
0.5339828391152615

8.44930906783937
0.36639853326074845

9.743254627915531
0.4498889654178156

7.969428281322372
0.29792391117907063

9.77887678302715
0.30095633328189225

9.39531513860084
0.3603129045439127

10.768818686716925
0.3156708002697942

10.427944601541837
1.1691761522424735

11.308646685967618
0.15983412868527094

9.038113611557426
0.31688057939428127

9.78227923828511
0.07232174549804432

9.989434111860819
0.3010226609978475

9.9636536624904
0.2806522193387566

6.932167110644507
0.6733061800901293

8.0311865659695
0.3891696065437945

8.851501262319928
0.437990961262251

9.812263992679412
0.3475991068803815

8.550439241667348
0.19332537095817476

9.81250673743086
0.21393725219009715

9.724153097418288
0.223810439520242

11.177653441903551
0.1493640936333985

10.004467153280967
0.2626319934735358

8.14700722552575
0.4290114789589336

8.371211821293084
0.21526689151515313

11.043312136805694
0.3820578141112415

8.072359790238256
0.1928186753535061

9.06836103242137
0.43608879845409704

9.9597543446526
0.5105487601831832

6.509464405015587
0.29918178703399634

9.202998901261337
0.5018151472001963

8.998247506530888
1.1586992263886469

8.286041815052062
0.4352326134861515

9.015431356082917
0.7620648023194014

9.57693971636652
0.3228413397149682

6.875806897117709
0.4087533868830338

9.923849325872485
0.36264505020470017

9.295441147689967
0.40530500601092045

8.960329312177082
0.5103613687146872

9.381538616616766
0.34788812633172755

8.9143098846772
0.4479206505814555

9.367942091012143
0.3760171702987793

9.332940393138443
0.16251279946060504

10.413932479406194
0.5776673257283659

11.013701659713462
0.7177455390349189

8.908335425442932
0.33679455802419306

6.801432570956677
0.09583184840453073

8.657371794217253
0.44235634981063054

10.753093516400432
0.5599234684614024

9.003722562104757
0.3126913720185568

8.127588698268934
0.3724525115429134

8.989678339151157
0.23929992290109037

10.503177565363211
0.43855204512832047

8.532937043303402
0.3046638827395875

8.973026611858172
0.650057204070795

10.090917200004265
0.2720848733770183

9.689313311984995
2.306659004705865

10.473966150526794
2.7381524699326363

8.912631103480098
0.42037992663544943

9.352926318539849
0.2921246807388065

8.291530843150962
0.2145115494156549

10.192222367260431
0.408813086112213

10.129878550013952
0.4404391592714699

9.41154135021747
0.24621573373848327

9.818321603971578
0.24372547751035084

7.790741910250414
0.27563589099778296

9.923923153235714
0.4072136624068553

8.753610608755793
0.47716736031252194

8.05401585509057
1.1269890358972077

9.270758314367837
0.34574466383427616

8.996755370089447
0.7092952182193887

10.515977205918466
0.6231049591545899

9.852376939337985
0.40535455757200767

3.5373660467222967
0.44663699634054216



Norm of 32 bit Hybrid Embedding
Norm for autoencoder32
27.263588
20.883656

19.365833
20.011356

26.720343
20.491428

32.59634
36.10065

14.943106
13.473057

21.982372
25.583832

14.836382
17.792522

25.978338
31.058128

15.908806
19.731657

22.102745
34.238926

29.361609
38.138226

20.180454
22.370272

19.207754
23.540392

20.48909
29.189875

21.384151
24.951197

16.32905
16.839094

13.195238
15.737419

24.592598
26.255602

37.505203
51.522533

22.38728
24.703932

19.601532
19.647371

22.454185
22.087252

30.185371
56.476612

23.419113
28.896406

20.803186
23.959713

19.547821
25.201044

35.92321
51.215218

33.976807
46.44817

23.349491
26.373486

25.288784
40.049156

18.515268
21.283575

16.257462
16.50804

30.484818
54.00515

28.730143
32.908234

25.92656
36.38003

24.001936
25.295563

29.527811
48.288498

22.343866
21.824331

15.622909
17.877602

22.352337
27.640263

26.978796
41.522327

27.767088
21.627695

16.885178
19.837795

30.484818
54.00515

23.924215
28.091436

35.46086
41.26343

21.240765
30.02702

30.847525
47.740547

19.605059
18.848885

16.40275
19.120234

35.850536
46.362667

13.602738
12.194016

21.409306
34.84249

22.963543
37.13792

24.758085
40.373337

18.83113
34.988686

19.58182
24.010874

27.613197
43.237236

15.309264
19.079618

31.29995
36.019222

28.220982
30.12455

17.074085
17.399857

15.34632
14.281068

21.786062
26.906929

27.785414
46.359344

20.201715
22.624992

22.517025
17.007557

36.837757
48.197266

18.35982
19.417217

25.000568
27.780577

17.297714
19.501616

15.709594
15.38606

25.854603
30.131413

17.300005
17.310919

16.363441
16.335674

29.154348
43.469135

26.957111
41.635147

16.958076
16.12968

18.25869
20.183077

17.9148
19.798697

23.048946
29.95337

22.341429
24.479939

20.449526
30.189726

29.830704
28.658236

17.039663
19.204662

26.096237
20.817905

22.037611
23.056852

19.961843
36.420124

19.112587
22.223274

13.473789
13.05895

23.816803
36.665424

18.350693
23.15362

16.864716
15.949801

23.763288
41.58244

21.340223
34.249622

21.497232
24.88367

16.548346
21.154394

25.326971
34.255188

14.977357
17.456404

14.742294
18.513327

20.664965
21.142424

24.72672
27.146454

16.912605
17.897038

9.8473
14.121127

18.451605
19.348639

21.467455
22.208115

32.899548
39.113102

33.025337
54.40393

17.67154
18.093029

22.28234
28.86502

28.107752
42.80974

27.195774
38.368546

25.170816
28.277534

21.519253
36.590668

25.41927
29.467419

23.033522
25.232851

27.560883
27.33276

22.671854
37.220398

18.748241
22.686474

27.75246
35.560413

36.549908
45.35958

27.661606
41.373066

30.432894
41.008

33.483047
49.87717

20.61086
23.792738

20.997372
20.891888

27.297613
39.279564

23.785372
18.906784

17.658329
18.405674

16.302464
19.08396

21.50384
26.004835

20.429962
21.138416

21.633965
20.647263

34.467205
51.870327

17.77547
17.298847

34.29294
42.830994

19.074923
23.586414

22.141113
23.113424

27.802624
31.491932

25.550076
34.1973

20.658596
24.898981

21.343758
38.69302

22.930164
24.595755

23.863508
33.31814

32.08783
40.30548

34.161667
38.762474

14.004478
14.021547

31.564365
44.877964

28.083376
32.737587

19.71743
34.1092

30.049023
38.011475

16.618837
30.6366

11.7008295
12.2602215

24.203547
25.094564

20.444977
23.42979

19.97469
20.422966

16.632017
20.546946

25.69176
34.93848

31.745409
40.062386

22.681736
25.17477

26.80117
43.8861

20.059254
19.469152

16.973345
18.762157

36.343163
45.398594

24.994974
35.572346

20.98468
29.170345

13.798072
16.801998

23.707066
29.575068

28.369112
37.566223

21.480364
26.01913

25.933386
32.24321

18.45526
17.428219

29.027184
41.938396

18.219944
21.16865

21.061823
16.584898

17.028038
17.73175

25.116737
42.876617

26.888403
35.420086

23.886322
28.619154

22.189964
21.544127

22.50384
25.912874

16.651182
21.973919

37.364902
41.168957

30.55885
31.247654

29.9239
49.596127

22.512777
28.546976

12.177678
13.36592

16.923315
18.47777

19.664837
19.893122

30.806065
39.63044

20.528027
22.408686

23.33647
18.024149

24.155691
25.67921

26.955666
32.717525

21.226322
23.286982

16.793415
18.316204

24.432285
32.827263

17.037306
17.24124

14.494942
15.948204

26.491867
42.181152



