[-1.10045838  1.31395578  0.09882396  0.62229848 -0.47658726  1.82900271
 -0.15175524  0.34337745 -1.24072408  0.26169295 -0.52089127 -0.4625483
 -1.56008645  0.13137253 -0.55721561  0.09465359 -1.47118819  0.30979661
 -0.03116815  1.22828821  0.0864008   1.105922   -0.81895012 -0.53840191
 -0.7803744  -0.86135674  0.23782168  1.4495754  -0.19651144 -0.25751611
  0.34889847 -1.14017077 -2.12993551 -1.84805829 -1.58813723 -1.4533205
 -1.34681145 -1.63032427 -0.21241159  0.22239808  0.06901422 -0.23191674
  0.8430706  -1.87104906  0.56490744]
0.6
[ 0.65551197 -0.87272392  0.02908415  0.4356616   0.97217842  0.95516971
  0.69541384 -1.85875088 -2.53145203  0.58855512 -2.74390511 -0.01391172
  1.27976505 -0.45316536  0.82225342 -0.18482747  0.4190271   0.41761501
  1.65742668  0.24464187 -0.07536846  1.68003196  1.0036776  -0.3830271
 -1.43196008 -0.35821987  1.03021603 -0.2141093   0.34947477 -0.78164547
  0.84546119  0.49098806 -1.04669536  2.88330025  0.13962958 -0.27145154
  0.72912319  0.0634424  -0.40964675 -0.74059948 -0.56670434 -1.81268935
  0.27016219 -0.87475791 -0.33053907]
0.8
[-1.27249945  1.07365312 -0.18371973  0.92492583  1.06647714 -0.57137624
  1.94788705  0.71605808 -1.03851613  0.84136863  0.22788705  0.46324257
 -1.38317463 -0.2619212  -0.37124977 -1.44178719  0.60409525  2.02516618
  0.67730808  1.05753982 -0.50757245  2.19986162  0.40832657  1.18064428
 -1.42714004  0.80658506  0.69795811  0.82772388 -0.30168206 -0.08385861
  0.2764142  -0.28003807 -0.1285066   1.32143941 -0.44153422 -0.10946432
 -1.55314017  1.01464309 -0.25609475  0.31702201  0.81528904  1.39692619
 -0.21424541 -0.98958329 -0.82117702]
1.0
