[-0.39070094  0.11598671  0.09162778 -0.34579552 -0.07010618 -0.78487099
  1.22469776  1.06182854 -1.26708778 -0.38550901 -0.26355983  0.65530293
 -0.94759083  0.80464758 -1.39212089 -0.30985821  0.44588868  2.27524189
  0.02694029  1.46402899 -0.92308786  0.57760274 -0.13301799 -0.2769412
 -0.24747513 -0.61104148  0.39901399  0.1074167   1.96019427  0.46041724
  1.46968211 -0.53021507  1.2185345  -0.21893182  0.99328694  0.51468095
 -0.70363732 -0.2324906  -1.65539009  0.822276   -1.83861473 -0.48052565
 -1.21464613  1.08539024 -0.69410068]
0.9
[-0.00291035 -1.88562194  0.2593239   1.72924624  1.03901117 -0.2781826
 -0.59409521 -1.86138067  0.18708162  0.89470313  0.48215483 -0.0910488
 -0.50206312  0.92267321 -1.63139786 -1.33825643  1.0650051   1.27215462
  0.60563516 -0.48659313 -1.02066264  0.41572722  0.642443   -0.41379027
 -1.68352129  1.35196484 -2.65762086 -1.10803647 -0.60654314 -0.33064853
  0.53760937  1.43956426  0.30622518  0.47554385  0.21240944  1.56308971
  0.22080052 -0.08366066 -0.26291867 -1.31524662  0.76322102  0.59640244
 -0.55940306 -0.30066013  1.03922834]
1.0
[-0.16599007 -0.03071878  0.3343027  -1.01957714 -0.44533922  1.17478964
  1.79078529 -0.66880681  1.49245108  0.68546486 -0.03228055 -0.63317668
 -0.31284943 -0.06207163 -0.4748389  -0.33739316 -0.46148912 -1.41424529
 -0.05203229  2.10768904  0.72855208 -0.67825477  0.90987075  1.24704662
  0.78250918 -0.07458633 -0.33047478 -0.89892341  0.50714209 -0.21290894
 -0.38012753  0.26898635  0.22728317 -0.07928138  1.84168324 -0.99905125
  0.12443356 -0.1860757   0.32182847  0.19530149  1.39258673 -0.18538012
  0.32861949  1.0374358  -0.07920999]
1.0
