[-0.09719792 -0.22403871  0.19589246  0.88913738 -1.09653752  0.17416182
 -1.0068873   0.61460204  1.10661917 -0.12150133  2.26821504  1.77711136
  1.35177376 -1.23527333  0.22237295  0.21377108 -0.3058004  -0.51291566
  0.26770984  0.9259915   1.28788917 -1.06432963 -0.81466527  1.38314848
  0.04211638  0.09266903 -1.62442838  1.10057062 -0.82109429  0.52865744
 -0.66384755 -2.04008174 -0.40159161 -1.80055162  0.38763649 -0.41838621
 -0.40732251 -0.28807319 -0.80265496 -2.09327958  0.42290808  0.17581084
 -1.16101897 -1.33343114 -0.64583286]
0.6
[ 0.96271338 -0.81663458  0.78884407  0.24997679 -1.05848815 -0.04969636
 -0.30816822  0.20647125 -0.47649053 -0.25527933  0.15169903 -0.04564211
 -0.16941428 -0.92171974 -0.27312417 -1.17396074 -0.3467611   0.50452476
  1.78758689  1.2104454   0.86460747  0.32921346 -0.7652213  -0.83173614
  1.55609628  1.08872286  0.96319962 -0.80832712 -0.77759394 -1.9694674
  0.96764588  0.06071192 -0.69600599  0.28024336  0.42318175 -0.99529857
 -0.42149984 -1.13118206  0.50325698 -0.97676826  0.6873866   0.07189004
  0.06466474  0.43862534 -0.68490681]
1.0
[ 1.30277839  1.00162334  0.24857126 -0.02661653 -1.00694527  1.21022319
 -0.34658716 -1.46317627 -1.67608983  0.482619   -0.34687338 -0.24494051
 -1.66142203  1.42790589 -0.2308309  -0.27411824  1.42486022  0.44975247
  1.12400712 -0.96722887  1.25437863  0.19088412 -2.71770626  1.82942364
  1.94365871 -1.51509123 -0.19917988 -0.37795902  1.97483257  2.22864021
 -0.36203449  1.05637377  0.10769905  2.13653173  0.48292964 -0.68757728
 -0.40897253 -0.82399498  2.58351077  1.49331186  0.27435598 -0.54944513
 -2.76187719  0.24827628 -1.14310995]
1.0
