[-0.98980526  0.22266806 -0.46899688  0.30788337  0.37765992 -0.85728019
  0.87291455  0.2245805   0.50722517  0.86253829  0.47884134 -0.01044756
  0.33872093  0.93453034  0.03918746  0.52995029  0.00222588  0.32655643
 -1.4960263  -0.71165425  0.46863003 -1.32523314 -1.26602681  0.069917
 -0.39882478 -0.77246798 -0.29756654  0.82364075  1.04707806 -0.04074061
 -0.41937327 -0.85595877  1.37353935 -0.35423691 -1.22379532  1.06306142
  1.0728262   1.60941141  0.93441621  1.22890742 -0.52745523 -0.30347837
 -1.66445201 -1.25558823 -0.80695247]
0.9
[ 0.84298718 -0.2663518  -0.62657328  0.18326297 -0.9110471  -1.97324669
 -0.78537037 -0.44356559  0.19868073  0.78949514 -0.41855215 -0.44029449
 -1.00933471 -1.11385789 -0.27530153 -0.36380987 -0.99111436  0.289358
  0.56519424 -1.25311815 -0.02153698 -0.32302988  1.61466329 -1.76324359
 -0.20487558  0.23442293 -0.59273692  0.75987617 -0.9830953   0.41272665
  0.31097023  1.20660791  1.38339483 -0.29033447  2.55243903  0.08037665
  1.39084991  1.059713   -1.70691346 -0.60407973  0.06444516 -0.58886615
  0.62136962  0.00545513  0.2101621 ]
0.9
[ 0.1902454   1.03627691 -0.0181122  -0.81533667 -0.38920783 -0.78321244
 -0.26223801  0.30895715  0.81711374 -0.13283628 -0.01156073 -0.46153243
  0.42870763  0.34582915  1.42932283 -0.55788899 -1.01805168  0.47520195
 -1.46386075 -0.50667598  1.00408732 -2.32834188 -0.46198027 -1.60449793
  0.71079274 -1.44296057 -0.1485756   0.99789296  0.04030164  0.0322731
  0.51113699  0.12082412  1.17064576  0.70234806 -0.6159128   0.06100608
 -1.59202781  0.56082774 -1.97734447 -0.96050745  0.15473954 -0.32547315
  0.75520808  0.15894453  1.29506335]
0.7
