[ 0.58359735 -0.31618037 -0.31605396  0.09061973  0.37416872  0.18910955
  1.66235538  0.72650193 -0.12063927  0.6921859   0.92100301 -0.29850148
 -1.19719349  1.20602882 -0.19982665  0.57841529  0.81994002 -0.62144088
  0.29592069 -0.12995973  0.50917668 -0.33945846 -0.7685551   2.28568604
 -0.32521095 -2.23696909 -1.37438911 -0.9919873  -0.79304697 -1.16569616
  0.94793285 -0.46220126 -0.51448972 -1.88175114  1.8886357   0.27226985
 -0.99622028  1.29111323  0.1205717   0.419146   -0.35555431  0.94371527
  1.14200856 -0.63163418 -1.13507961]
0.4
[-3.74491565e-01 -1.57074261e-01 -1.10871942e-03 -1.25795889e+00
  9.83556943e-01  1.20731329e+00 -1.97298075e-01 -4.47607385e-01
  1.46022801e+00 -8.53580332e-01  1.44165635e+00 -5.33389764e-01
 -7.88156504e-01 -6.05941400e-01  6.14201373e-01  8.89272058e-01
 -2.29640777e-01 -3.36617924e-01  1.13481585e+00  2.08297766e-01
  7.83797984e-01 -2.90483524e-01  5.38702836e-01  6.82673156e-01
  5.23257438e-01 -5.68583239e-01  2.00849662e-01  1.01892037e+00
  3.56001456e-01  2.40072340e-01  9.65312719e-01  8.40876610e-01
 -5.63180981e-01  3.88716510e-01  1.31218018e+00 -2.16484226e-02
 -1.29224112e+00  2.18110573e+00 -2.58001268e-01  3.79000825e-02
 -3.69417462e-01 -7.01339798e-01  4.44259170e-01  1.06102775e-01
 -4.83422299e-01]
0.5
[-0.25327216  0.25569658 -1.72285307  0.79119057 -0.46996852 -0.77602403
 -0.34476329  0.89413353 -0.78291358 -2.15154574  0.04844049  0.41835825
 -0.39443059  1.00664899 -2.34166702 -0.12783971  0.27681187  0.83542907
  0.53788525 -1.62151793  1.36148771  0.26338254 -1.15894162  0.6505946
  0.25409457 -0.11617089  0.68769369 -0.10658532 -1.15788491  0.79381737
 -0.81823635 -0.59434836  1.24834486 -0.30465118 -0.3685226  -0.12155171
 -1.00790359 -1.14368541  2.13803328  0.18086874 -1.47971672 -0.06670372
  0.78321394 -1.41371074 -0.2118314 ]
0.4
