[ 1.79310234e-01 -5.29209244e-01  1.20509486e+00  2.58372616e-01
 -3.37106242e-01 -7.61600069e-01 -2.24525934e-01  9.12875168e-01
 -7.34857675e-01 -2.66063710e-01  5.47875763e-01  1.10256557e+00
 -1.17319437e-01  8.51223138e-01 -6.45873351e-01 -1.63770862e-01
 -5.07654442e-01  1.46332755e-01 -6.54849593e-01  9.41686943e-01
 -1.39556975e+00 -1.27706368e-03  3.66279867e-01 -3.03983964e-01
  7.89921630e-01  4.76945741e-01 -1.39752186e+00  5.90776535e-01
 -1.48305078e-01 -8.01750711e-01  1.50953126e-01  1.64953888e-01
  1.57270628e+00 -1.91706496e+00 -6.36116315e-01  1.04713660e+00
  7.03448698e-01  9.33698946e-01  8.93157793e-01 -1.62221670e-01
 -1.56408733e+00 -8.43279628e-01 -2.25787907e-01  1.90671491e-01
  8.02476693e-01]
0.7
[ 6.73678702e-02 -9.49836703e-01  5.21365440e-01 -6.74119751e-01
 -3.35581070e-01 -1.59263493e+00 -1.30962213e-02  9.30232421e-03
  6.46891812e-01 -4.63072915e-01 -1.25648398e-01  1.48098262e+00
 -1.08782900e+00  2.48665374e-01  4.35885819e-01  8.60948464e-01
 -2.20661522e+00  3.12868593e+00  7.80398318e-01 -7.59275665e-01
 -9.22368169e-01 -6.44783798e-01  1.86024026e+00  4.54093233e-01
  2.59482133e-01 -1.44478576e-03  8.82849799e-01 -1.52599926e+00
 -3.89375183e-01 -7.40613458e-01  2.44193014e-01 -1.11483971e+00
  1.16361453e-01 -1.07926906e+00  6.63620281e-01  7.29502887e-01
 -7.53827678e-01  1.15625552e+00 -1.54351906e+00  9.54227498e-01
 -1.44490084e+00 -2.80041210e-01  1.65360069e+00  9.85905166e-01
 -3.05460981e-01]
0.6
[-2.91000352 -2.19901078 -0.86493976  0.20587971 -1.63780322  0.09424567
 -1.78753228 -0.71396185 -0.83950806  0.42450551  0.11716685  1.36938947
 -0.55189891  0.09381581  0.32248922  0.72688643 -0.36789838 -1.00113513
 -0.10084902  0.40400194  0.23486895  2.09424777 -1.09963766 -0.09254714
  1.71467039 -1.00845041 -0.62062892 -1.56024664 -0.40240326  0.61621061
 -0.07559183  0.12456534 -0.00311399 -0.58797429  1.90838792 -0.81048794
  1.22118323  0.95824551  1.21253693 -0.20634448  1.49342236 -0.92413608
 -1.46463779 -2.2487724   0.45946467]
0.6
