[ 1.03955276e-01 -1.02987691e+00 -1.04257852e+00 -1.85246544e+00
 -2.17806394e-01 -8.56286538e-01  1.09311972e+00 -8.99642851e-02
  2.29713193e+00 -2.55415570e-01  3.20815740e-03  2.36446897e+00
  2.60081773e-01 -9.90921818e-01  9.66603000e-01  1.97317432e+00
 -8.07313037e-01 -1.47709436e+00  3.22752226e+00 -5.03455384e-01
  1.67206432e+00  1.05807275e-01  5.49499292e-02  3.02118446e-01
  9.96873183e-01 -1.09429552e-01  2.34443329e-01  1.19842688e+00
 -2.11990779e-01  1.39448580e+00 -4.77853669e-01  1.88131881e-01
 -2.25289425e+00 -3.85810717e-01  1.21989288e+00 -4.64501108e-01
 -2.47957046e-01 -1.14807090e+00 -3.39274095e-01 -1.56313953e+00
 -8.38974799e-01 -8.32197222e-01  3.63684644e-01  2.91720712e-01
 -1.24183922e+00]
0.7
[-0.61032399 -0.80106693 -1.36165898 -1.85913279  2.51688882  0.7737028
 -0.08060095  1.41679534 -0.62328072  0.47773808 -1.36309349  1.06046145
 -0.66852757  1.01838109 -0.58778156  0.06070937 -0.0186797   0.09891921
  0.58546506 -1.91995652 -1.50285929 -2.22677141  1.40137649  0.51667436
 -1.97420812 -0.10280694  1.7845202  -0.79039373 -0.08389391 -0.73314855
  1.34921578 -0.85360836 -0.39875809 -0.13252346  0.56479003 -1.5605119
  0.26837928  1.26082566  1.00777803 -1.36228655  0.33707869  0.98953574
 -2.02647373 -1.35882449  0.21835489]
0.7
[-0.44476637 -1.44650109 -1.03141503 -0.67093478 -1.44954427 -1.02058228
  0.44432644  0.56025599  1.69385199  1.75338406 -1.9328894   0.68276643
 -1.13705974 -1.68671633 -0.1514781   1.12737681  1.25426624 -0.83866094
  1.40142979  0.04711331 -0.12970108 -0.50028234  0.87863212 -2.60229566
 -1.48955545  0.44209128  0.12363268  0.63631212 -1.16798293 -0.69949186
 -1.78668178 -0.07603798 -1.47191786  0.10203585  0.41568555 -1.19767007
 -1.07307002 -0.38925206  1.00590476  2.24276376  0.9740508   0.43059387
  0.8316179  -0.36873982 -2.16837449]
0.4
