[ 7.77184782e-01  5.01940735e-01  5.97607341e-01  8.98832859e-01
 -2.23206724e-01 -1.46605866e-01  1.59762061e+00 -6.57268512e-01
  1.22726397e-01 -1.03668679e+00  1.15755433e+00 -7.68022123e-01
 -5.32145244e-02 -4.11982747e-01  6.78161177e-01  5.44603719e-01
 -1.05485615e+00  1.90498486e+00 -1.43520761e+00 -1.24237458e+00
  3.52127531e-01 -5.66167383e-04 -7.35715760e-02  9.64844719e-01
  2.41735269e+00  1.48926456e+00  2.21813610e+00  1.83821328e-02
  5.40521421e-02 -7.84225696e-01 -9.04562059e-01 -4.83159090e-01
 -1.46857487e+00  1.90066875e-01  7.40740312e-01  5.24548218e-01
  1.31237517e+00  3.49193601e+00  4.42602606e-01 -8.07785177e-01
 -3.61763695e-01 -1.32193403e-01  2.32512254e-01  2.42769877e+00
  6.91761368e-01]
0.6
[ 8.77339801e-01 -6.06922904e-03 -9.07531626e-01  5.48226373e-01
 -4.02179993e-01  2.36590125e-01 -2.79679606e-01 -5.64230758e-01
 -1.06569947e+00 -6.00162791e-01 -9.70736013e-01  5.10481631e-01
  2.33336087e-01 -8.17178689e-02  2.08099421e-01 -1.64698975e-01
 -1.70955716e+00  5.00523746e-01  1.17365054e+00 -6.58430788e-01
 -1.02324402e-01 -1.32190935e+00  3.61183846e-01 -9.37753986e-01
  1.69820228e-01  1.07094694e+00 -1.53268829e+00 -6.17547268e-01
 -8.72373423e-01  5.37381307e-01  5.81462455e-01  6.05580800e-01
  7.26619481e-05 -9.66766300e-01 -1.76061771e-01 -5.94357188e-02
  2.16289439e-02  1.57625488e-01  1.44766063e+00  1.40515439e+00
 -5.74162178e-02 -1.22508522e+00  1.29498437e+00 -1.06689336e+00
 -7.49110063e-01]
0.6
[ 1.11540528e+00 -7.57073757e-01  5.41939927e-01  7.02241398e-01
  1.23180560e+00 -2.41479586e+00  1.36069054e-01 -1.59413242e-01
 -1.22189801e+00 -1.07676544e-01 -1.89284678e-01 -2.13821892e-01
  4.51359713e-01  1.41939386e-04  1.32540025e+00 -3.01750630e-01
 -4.57943760e-01  3.38619139e-01 -1.62631240e-01  3.78726801e-01
 -2.65138677e+00 -1.47254920e+00  1.25226680e+00  5.90474085e-01
 -1.55540253e-01 -7.84706306e-03  5.69409881e-01  1.14940093e+00
  4.05984173e-01 -1.22453067e+00 -1.58207497e+00 -2.27452257e-01
 -9.48580734e-01 -7.58277169e-01  1.43901188e+00  1.26364506e+00
  7.47430633e-01  3.65840604e-01  7.98812656e-01 -6.72945342e-01
 -7.04900417e-01  1.83811518e+00  8.84636862e-01  2.10579637e-01
  1.08850858e+00]
0.8
